0.0108 1
0.0316 1
0.0324 1
0.0524 1
0.0532 1
0.054 1
0.0548 1
0.0732 1
0.074 1
0.0748 1
0.0756 1
0.0764 1
0.0772 1
0.078 1
0.0788 1
0.094 1
0.0948 1
0.0956 1
0.0964 1
0.0972 1
0.098 1
0.0988 1
0.0996 1
0.1004 1
0.1012 1
0.102 1
0.1028 1
0.1036 1
0.1044 1
0.1052 1
0.106 1
0.1148 1
0.1156 1
0.1164 1
0.1172 1
0.118 1
0.1188 1
0.1196 1
0.1204 1
0.1212 1
0.122 1
0.1228 1
0.1236 1
0.1244 1
0.1252 1
0.126 1
0.1268 1
0.1276 1
0.1284 1
0.1292 1
0.13 1
0.1308 1
0.1316 1
0.1324 1
0.1332 1
0.134 1
0.1348 1
0.1356 1
0.1364 1
0.1372 1
0.138 1
0.1388 1
0.1396 1
0.1404 1
0.1412 1
0.142 1
0.1428 1
0.1436 1
0.1444 1
0.1452 1
0.146 1
0.1468 1
0.1476 1
0.1484 1
0.1492 1
0.15 1
0.1508 1
0.1516 1
0.1524 1
0.1532 1
0.154 1
0.1548 1
0.1556 1
0.1564 1
0.1572 1
0.158 1
0.1588 1
0.1596 1
0.1604 1
0.1612 1
0.162 1
0.1628 1
0.1636 1
0.1644 1
0.1652 1
0.166 1
0.1668 1
0.1676 1
0.1684 1
0.1692 1
0.17 1
0.1708 1
0.1716 1
0.1724 1
0.1732 1
0.174 1
0.1748 1
0.1756 1
0.1764 1
0.1772 1
0.178 1
0.1788 1
0.1796 1
0.1804 1
0.1812 1
0.182 1
0.1828 1
0.1836 1
0.1844 1
0.1852 1
0.186 1
0.1868 1
0.1876 1
0.1884 1
0.1892 1
0.19 1
0.1908 1
0.1916 1
0.1924 1
0.1932 1
0.194 1
0.1948 1
0.1956 1
0.1964 1
0.1972 1
0.198 1
0.1988 1
0.1996 1
0.2004 1
0.2012 1
0.202 1
0.2028 1
0.2036 1
0.2044 1
0.2052 1
0.206 1
0.2068 1
0.2076 1
0.2084 1
0.2092 1
0.21 1
0.2108 1
0.2116 1
0.2124 1
0.2132 1
0.214 1
0.2148 1
0.2156 1
0.2164 1
0.2172 1
0.218 1
0.2188 1
0.2196 1
0.2204 1
0.2212 1
0.222 1
0.2228 1
0.2236 1
0.2244 1
0.2252 1
0.226 1
0.2268 1
0.2276 1
0.2284 1
0.2292 1
0.23 1
0.2308 1
0.2316 1
0.2324 1
0.2332 1
0.234 1
0.2348 1
0.2356 1
0.2364 1
0.2372 1
0.238 1
0.2388 1
0.2396 1
0.2404 1
0.2412 1
0.242 1
0.2428 1
0.2436 1
0.2444 1
0.2452 1
0.246 1
0.2468 1
0.2476 1
0.2484 1
0.2492 1
0.25 1
0.2508 1
0.2516 1
0.2524 1
0.2532 1
0.254 1
0.2548 1
0.2556 1
0.2564 1
0.2572 1
0.258 1
0.2588 1
0.2596 1
0.2604 1
0.2612 1
0.262 1
0.2628 1
0.2636 1
0.2644 1
0.2652 1
0.266 1
0.2668 1
0.2676 1
0.2684 1
0.2692 1
0.27 1
0.2708 1
0.2716 1
0.2724 1
0.2732 1
0.274 1
0.2748 1
0.2756 1
0.2764 1
0.2772 1
0.278 1
0.2788 1
0.2796 1
0.2804 1
0.2812 1
0.282 1
0.2828 1
0.2836 1
0.2844 1
0.2852 1
0.286 1
0.2868 1
0.2876 1
0.2884 1
0.2892 1
0.29 1
0.2908 1
0.2916 1
0.2924 1
0.2932 1
0.294 1
0.2948 1
0.2956 1
0.2964 1
0.2972 1
0.298 1
0.2988 1
0.2996 1
0.3004 1
0.3012 1
0.302 1
0.3028 1
0.3036 1
0.3044 1
0.3052 1
0.306 1
0.3068 1
0.3076 1
0.3084 1
0.3092 1
0.31 1
0.3108 1
0.3116 1
0.3124 1
0.3132 1
0.314 1
0.3148 1
0.3156 1
0.3164 1
0.3172 1
0.318 1
0.3188 1
0.3196 1
0.3204 1
0.3212 1
0.322 1
0.3228 1
0.3236 1
0.3244 1
0.3252 1
0.326 1
0.3268 1
0.3276 1
0.3284 1
0.3292 1
0.33 1
0.3308 1
0.3316 1
0.3324 1
0.3332 1
0.334 1
0.3348 1
0.3356 1
0.3364 1
0.3372 1
0.338 1
0.3388 1
0.3396 1
0.3404 1
0.3412 1
0.342 1
0.3428 1
0.3436 1
0.3444 1
0.3452 1
0.346 1
0.3468 1
0.3476 1
0.3484 1
0.3492 1
0.35 1
0.3508 1
0.3516 1
0.3524 1
0.3532 1
0.354 1
0.3548 1
0.3556 1
0.3564 1
0.3572 1
0.358 1
0.3588 1
0.3596 1
0.3604 1
0.3612 1
0.362 1
0.3628 1
0.3636 1
0.3644 1
0.3652 1
0.366 1
0.3668 1
0.3676 1
0.3684 1
0.3692 1
0.37 1
0.3708 1
0.3716 1
0.3724 1
0.3732 1
0.374 1
0.3748 1
0.3756 1
0.3764 1
0.3772 1
0.378 1
0.3788 1
0.3796 1
0.3804 1
0.3812 1
0.382 1
0.3828 1
0.3836 1
0.3844 1
0.3852 1
0.386 1
0.3868 1
0.3876 1
0.3884 1
0.3892 1
0.39 1
0.3908 1
0.3916 1
0.4124 1
0.4132 1
0.4332 1
0.434 1
0.4348 1
0.454 1
0.4548 1
0.4556 1
0.4564 1
0.4572 1
0.458 1
0.4756 1
0.4764 1
0.4772 1
0.478 1
0.4788 1
0.4796 1
0.4804 1
0.4812 1
0.482 1
0.4972 1
0.498 1
0.4988 1
0.4996 1
0.5004 1
0.5012 1
0.502 1
0.5028 1
0.5036 1
0.5044 1
0.5052 1
0.506 1
0.518 1
0.5188 1
0.5196 1
0.5204 1
0.5212 1
0.522 1
0.5228 1
0.5236 1
0.5244 1
0.5252 1
0.526 1
0.5268 1
0.5276 1
0.5284 1
0.5292 1
0.53 1
0.5308 1
0.5316 1
0.5388 1
0.5396 1
0.5404 1
0.5412 1
0.542 1
0.5428 1
0.5436 1
0.5444 1
0.5452 1
0.546 1
0.5468 1
0.5476 1
0.5484 1
0.5492 1
0.55 1
0.5508 1
0.5516 1
0.5524 1
0.5532 1
0.554 1
0.5548 1
0.5556 1
0.5564 1
0.5572 1
0.558 1
0.5588 1
0.5596 1
0.5604 1
0.5612 1
0.562 1
0.5628 1
0.5636 1
0.5644 1
0.5652 1
0.566 1
0.5668 1
0.5676 1
0.5684 1
0.5692 1
0.57 1
0.5708 1
0.5716 1
0.5724 1
0.5732 1
0.574 1
0.5748 1
0.5756 1
0.5764 1
0.5772 1
0.578 1
0.5788 1
0.5796 1
0.5804 1
0.5812 1
0.582 1
0.5828 1
0.5836 1
0.5844 1
0.5852 1
0.586 1
0.5868 1
0.5876 1
0.5884 1
0.5892 1
0.59 1
0.5908 1
0.5916 1
0.5924 1
0.5932 1
0.594 1
0.5948 1
0.5956 1
0.5964 1
0.5972 1
0.598 1
0.5988 1
0.5996 1
0.6004 1
0.6012 1
0.602 1
0.6028 1
0.6036 1
0.6044 1
0.6052 1
0.606 1
0.6068 1
0.6076 1
0.6084 1
0.6092 1
0.61 1
0.6108 1
0.6116 1
0.6124 1
0.6132 1
0.614 1
0.6148 1
0.6156 1
0.6164 1
0.6172 1
0.618 1
0.6188 1
0.6196 1
0.6204 1
0.6212 1
0.622 1
0.6228 1
0.6236 1
0.6244 1
0.6252 1
0.626 1
0.6268 1
0.6276 1
0.6284 1
0.6292 1
0.63 1
0.6308 1
0.6316 1
0.6324 1
0.6332 1
0.634 1
0.6348 1
0.6356 1
0.6364 1
0.6372 1
0.638 1
0.6388 1
0.6396 1
0.6404 1
0.6412 1
0.642 1
0.6428 1
0.6436 1
0.6444 1
0.6452 1
0.646 1
0.6468 1
0.6476 1
0.6484 1
0.6492 1
0.65 1
0.6508 1
0.6516 1
0.6524 1
0.6532 1
0.654 1
0.6548 1
0.6556 1
0.6564 1
0.6572 1
0.658 1
0.6588 1
0.6596 1
0.6604 1
0.6612 1
0.662 1
0.6628 1
0.6636 1
0.6644 1
0.6652 1
0.666 1
0.6668 1
0.6676 1
0.6684 1
0.6692 1
0.67 1
0.6708 1
0.6716 1
0.6724 1
0.6732 1
0.674 1
0.6748 1
0.6756 1
0.6764 1
0.6772 1
0.678 1
0.6788 1
0.6796 1
0.6804 1
0.6812 1
0.682 1
0.6828 1
0.6836 1
0.6844 1
0.6852 1
0.686 1
0.6868 1
0.6876 1
0.6884 1
0.6892 1
0.69 1
0.6908 1
0.6916 1
0.6924 1
0.6932 1
0.694 1
0.6948 1
0.6956 1
0.6964 1
0.6972 1
0.698 1
0.6988 1
0.6996 1
0.7004 1
0.7012 1
0.702 1
0.7028 1
0.7036 1
0.7044 1
0.7052 1
0.706 1
0.7068 1
0.7076 1
0.7084 1
0.7092 1
0.71 1
0.7108 1
0.7116 1
0.7124 1
0.7132 1
0.714 1
0.7148 1
0.7156 1
0.7164 1
0.7172 1
0.718 1
0.7188 1
0.7196 1
0.7204 1
0.7212 1
0.722 1
0.7228 1
0.7236 1
0.7244 1
0.7252 1
0.726 1
0.7268 1
0.7276 1
0.7284 1
0.7292 1
0.73 1
0.7308 1
0.7316 1
0.7324 1
0.7332 1
0.734 1
0.7348 1
0.7356 1
0.7364 1
0.7372 1
0.738 1
0.7388 1
0.7396 1
0.7404 1
0.7412 1
0.742 1
0.7428 1
0.7436 1
0.7444 1
0.7452 1
0.746 1
0.7468 1
0.7476 1
0.7484 1
0.7492 1
0.75 1
0.7508 1
0.7516 1
0.7524 1
0.7532 1
0.754 1
0.7548 1
0.7556 1
0.7564 1
0.7572 1
0.758 1
0.7588 1
0.7596 1
0.7604 1
0.7612 1
0.762 1
0.7628 1
0.7636 1
0.7644 1
0.7652 1
0.766 1
0.7668 1
0.7676 1
0.7684 1
0.7692 1
0.77 1
0.7708 1
0.7716 1
0.7724 1
0.7732 1
0.774 1
0.7748 1
0.7756 1
0.7764 1
0.7772 1
0.778 1
0.7788 1
0.7796 1
0.7804 1
0.7812 1
0.782 1
0.7828 1
0.7836 1
0.7844 1
0.7852 1
0.786 1
0.7868 1
0.7876 1
0.7884 1
0.7892 1
0.79 1
0.7908 1
0.7916 1
0.7924 1
0.7932 1
0.794 1
0.7948 1
0.7956 1
0.7964 1
0.7972 1
0.798 1
0.7988 1
0.7996 1
0.8004 1
0.8012 1
0.802 1
0.8028 1
0.8036 1
0.8044 1
0.8052 1
0.806 1
0.8068 1
0.8076 1
0.8084 1
0.8092 1
0.81 1
0.8108 1
0.8116 1
0.8124 1
0.8132 1
0.814 1
0.8148 1
0.8156 1
0.8164 1
0.8172 1
0.818 1
0.8188 1
0.8196 1
0.8204 1
0.8212 1
0.822 1
0.8228 1
0.8236 1
0.8244 1
0.8252 1
0.826 1
0.8268 1
0.8276 1
0.8284 1
0.8292 1
0.83 1
0.8308 1
0.8316 1
0.8324 1
0.8332 1
0.834 1
0.8348 1
0.8356 1
0.8364 1
0.8372 1
0.838 1
0.8388 1
0.8396 1
0.8404 1
0.8412 1
0.842 1
0.8428 1
0.8436 1
0.8444 1
0.8452 1
0.846 1
0.8468 1
0.8476 1
0.8484 1
0.8492 1
0.85 1
0.8508 1
0.8516 1
0.8524 1
0.8532 1
0.854 1
0.8548 1
0.8556 1
0.8564 1
0.8572 1
0.858 1
0.8588 1
0.8596 1
0.8604 1
0.8612 1
0.862 1
0.8628 1
0.8636 1
0.8644 1
0.8652 1
0.866 1
0.8668 1
0.8676 1
0.8684 1
0.8692 1
0.87 1
0.8708 1
0.8716 1
0.8724 1
0.8732 1
0.874 1
0.8748 1
0.8756 1
0.8764 1
0.8772 1
0.878 1
0.8788 1
0.8796 1
0.8804 1
0.8812 1
0.882 1
0.8828 1
0.8836 1
0.8844 1
0.8852 1
0.886 1
0.8868 1
0.8876 1
0.8884 1
0.8892 1
0.89 1
0.8908 1
0.8916 1
0.8924 1
0.8932 1
0.914 1
0.9148 1
0.9348 1
0.9356 1
0.9364 1
0.9556 1
0.9564 1
0.9572 1
0.958 1
0.9764 1
0.9772 1
0.978 1
0.9788 1
0.9796 1
0.9804 1
0.9972 1
0.998 1
0.9988 1
0.9996 1
1.0004 1
1.0012 1
1.002 1
1.0028 1
1.0188 1
1.0212 1
1.022 1
1.0228 1
1.0236 1
1.0244 1
1.042 1
1.0436 1
1.0444 1
1.0452 1
1.046 1
1.0468 1
1.0652 1
1.066 1
1.0668 1
1.0676 1
1.0684 1
1.0692 1
1.0876 1
1.0884 1
1.0892 1
1.09 1
1.0908 1
1.0916 1
1.11 1
1.1108 1
1.1116 1
1.1124 1
1.1132 1
1.114 1
1.1324 1
1.1332 1
1.134 1
1.1348 1
1.1356 1
1.1364 1
1.1548 1
1.1556 1
1.1564 1
1.1572 1
1.158 1
1.1588 1
1.1772 1
1.178 1
1.1788 1
1.1796 1
1.1804 1
1.1812 1
1.1996 1
1.2004 1
1.2012 1
1.202 1
1.2028 1
1.2036 1
1.222 1
1.2228 1
1.2236 1
1.2244 1
1.2252 1
1.226 1
1.2444 1
1.2452 1
1.246 1
1.2468 1
1.2476 1
1.2484 1
1.2668 1
1.2676 1
1.2684 1
1.2692 1
1.27 1
1.2708 1
1.2892 1
1.29 1
1.2908 1
1.2916 1
1.2924 1
1.2932 1
1.3116 1
1.3124 1
1.3132 1
1.314 1
1.3148 1
1.3156 1
1.334 1
1.3348 1
1.3356 1
1.3364 1
1.3372 1
1.338 1
1.3564 1
1.3572 1
1.358 1
1.3588 1
1.3596 1
1.3604 1
1.3788 1
1.3796 1
1.3804 1
1.3812 1
1.382 1
1.3828 1
1.4012 1
1.402 1
1.4028 1
1.4036 1
1.4044 1
1.4052 1
1.4236 1
1.4244 1
1.4252 1
1.4444 1
1.4452 1
1.446 1
1.4468 1
1.4668 1
1.4676 1
1.4684 1
1.4876 1
1.4884 1
1.4892 1
1.49 1
1.5084 1
1.5092 1
1.51 1
1.5108 1
1.5116 1
1.5292 1
1.53 1
1.5308 1
1.5316 1
1.5324 1
1.5332 1
1.55 1
1.5508 1
1.5516 1
1.5524 1
1.5532 1
1.554 1
1.5548 1
1.5708 1
1.5716 1
1.5724 1
1.5732 1
1.574 1
1.5748 1
1.5756 1
1.5764 1
1.5916 1
1.5924 1
1.5932 1
1.594 1
1.5948 1
1.5956 1
1.5964 1
1.5972 1
1.598 1
1.6124 1
1.6132 1
1.614 1
1.6148 1
1.6156 1
1.6164 1
1.6172 1
1.618 1
1.6188 1
1.6196 1
1.6332 1
1.634 1
1.6348 1
1.6356 1
1.6364 1
1.6372 1
1.638 1
1.6388 1
1.6396 1
1.6404 1
1.6412 1
1.654 1
1.6548 1
1.6556 1
1.6564 1
1.6572 1
1.658 1
1.6588 1
1.6596 1
1.6604 1
1.6612 1
1.662 1
1.6628 1
1.6748 1
1.6756 1
1.6764 1
1.6772 1
1.678 1
1.6788 1
1.6796 1
1.6804 1
1.6812 1
1.682 1
1.6828 1
1.6836 1
1.6844 1
1.6956 1
1.6964 1
1.6972 1
1.698 1
1.6988 1
1.6996 1
1.7004 1
1.7012 1
1.702 1
1.7028 1
1.7036 1
1.7044 1
1.7052 1
1.706 1
1.7164 1
1.7172 1
1.718 1
1.7188 1
1.7196 1
1.7204 1
1.7212 1
1.722 1
1.7228 1
1.7236 1
1.7244 1
1.7252 1
1.726 1
1.7268 1
1.7276 1
1.7372 1
1.738 1
1.7388 1
1.7396 1
1.7404 1
1.7412 1
1.742 1
1.7428 1
1.7436 1
1.7444 1
1.7452 1
1.746 1
1.7468 1
1.7476 1
1.7484 1
1.7492 1
1.758 1
1.7588 1
1.7596 1
1.7604 1
1.7612 1
1.762 1
1.7628 1
1.7636 1
1.7644 1
1.7652 1
1.766 1
1.7668 1
1.7676 1
1.7684 1
1.7692 1
1.77 1
1.7708 1
1.7788 1
1.7796 1
1.7804 1
1.7812 1
1.782 1
1.7828 1
1.7836 1
1.7844 1
1.7852 1
1.786 1
1.7868 1
1.7876 1
1.7884 1
1.7892 1
1.79 1
1.7908 1
1.7916 1
1.7924 1
1.7996 1
1.8004 1
1.8012 1
1.802 1
1.8028 1
1.8036 1
1.8044 1
1.8052 1
1.806 1
1.8068 1
1.8076 1
1.8084 1
1.8092 1
1.81 1
1.8108 1
1.8116 1
1.8124 1
1.8132 1
1.814 1
1.8204 1
1.8212 1
1.822 1
1.8228 1
1.8236 1
1.8244 1
1.8252 1
1.826 1
1.8268 1
1.8276 1
1.8284 1
1.8292 1
1.83 1
1.8308 1
1.8316 1
1.8324 1
1.8332 1
1.834 1
1.8340008 1
