0.0208 1 2000
0.0416 1 3000
0.0424 1 4000
0.0624 1 5000
0.0632 1 6000
0.064 1 7000
0.0648 1 8000
0.0832 1 9000
0.084 1 10000
0.0848 1 11000
0.0856 1 12000
0.0864 1 13000
0.0872 1 14000
0.088 1 15000
0.0888 1 16000
0.104 1 17000
0.1048 1 18000
0.1056 1 19000
0.1064 1 20000
0.1072 1 21000
0.108 1 22000
0.1088 1 23000
0.1096 1 24000
0.1104 1 25000
0.1112 1 26000
0.112 1 27000
0.1128 1 28000
0.1136 1 29000
0.1144 1 30000
0.1152 1 31000
0.116 1 32000
0.1248 1 33000
0.1256 1 34000
0.1264 1 35000
0.1272 1 36000
0.128 1 37000
0.1288 1 38000
0.1296 1 39000
0.1304 1 40000
0.1312 1 41000
0.132 1 42000
0.1328 1 43000
0.1336 1 44000
0.1344 1 45000
0.1352 1 46000
0.136 1 47000
0.1368 1 48000
0.1376 1 49000
0.1384 1 50000
0.1392 1 51000
0.14 1 52000
0.1408 1 53000
0.1416 1 54000
0.1424 1 55000
0.1432 1 56000
0.144 1 57000
0.1448 1 58000
0.1456 1 59000
0.1464 1 60000
0.1472 1 61000
0.148 1 62000
0.1488 1 63000
0.1496 1 64000
0.1504 1 65000
0.1512 1 66000
0.152 1 67000
0.1528 1 68000
0.1536 1 69000
0.1544 1 70000
0.1552 1 71000
0.156 1 72000
0.1568 1 73000
0.1576 1 74000
0.1584 1 75000
0.1592 1 76000
0.16 1 77000
0.1608 1 78000
0.1616 1 79000
0.1624 1 80000
0.1632 1 81000
0.164 1 82000
0.1648 1 83000
0.1656 1 84000
0.1664 1 85000
0.1672 1 86000
0.168 1 87000
0.1688 1 88000
0.1696 1 89000
0.1704 1 90000
0.1712 1 91000
0.172 1 92000
0.1728 1 93000
0.1736 1 94000
0.1744 1 95000
0.1752 1 96000
0.176 1 97000
0.1768 1 98000
0.1776 1 99000
0.1784 1 100000
0.1792 1 101000
0.18 1 102000
0.1808 1 103000
0.1816 1 104000
0.1824 1 105000
0.1832 1 106000
0.184 1 107000
0.1848 1 108000
0.1856 1 109000
0.1864 1 110000
0.1872 1 111000
0.188 1 112000
0.1888 1 113000
0.1896 1 114000
0.1904 1 115000
0.1912 1 116000
0.192 1 117000
0.1928 1 118000
0.1936 1 119000
0.1944 1 120000
0.1952 1 121000
0.196 1 122000
0.1968 1 123000
0.1976 1 124000
0.1984 1 125000
0.1992 1 126000
0.2 1 127000
0.2008 1 128000
0.2016 1 129000
0.2024 1 130000
0.2032 1 131000
0.204 1 132000
0.2048 1 133000
0.2056 1 134000
0.2064 1 135000
0.2072 1 136000
0.208 1 137000
0.2088 1 138000
0.2096 1 139000
0.2104 1 140000
0.2112 1 141000
0.212 1 142000
0.2128 1 143000
0.2136 1 144000
0.2144 1 145000
0.2152 1 146000
0.216 1 147000
0.2168 1 148000
0.2176 1 149000
0.2184 1 150000
0.2192 1 151000
0.22 1 152000
0.2208 1 153000
0.2216 1 154000
0.2224 1 155000
0.2232 1 156000
0.224 1 157000
0.2248 1 158000
0.2256 1 159000
0.2264 1 160000
0.2272 1 161000
0.228 1 162000
0.2288 1 163000
0.2296 1 164000
0.2304 1 165000
0.2312 1 166000
0.232 1 167000
0.2328 1 168000
0.2336 1 169000
0.2344 1 170000
0.2352 1 171000
0.236 1 172000
0.2368 1 173000
0.2376 1 174000
0.2384 1 175000
0.2392 1 176000
0.24 1 177000
0.2408 1 178000
0.2416 1 179000
0.2424 1 180000
0.2432 1 181000
0.244 1 182000
0.2448 1 183000
0.2456 1 184000
0.2464 1 185000
0.2472 1 186000
0.248 1 187000
0.2488 1 188000
0.2496 1 189000
0.2504 1 190000
0.2512 1 191000
0.252 1 192000
0.2528 1 193000
0.2536 1 194000
0.2544 1 195000
0.2552 1 196000
0.256 1 197000
0.2568 1 198000
0.2576 1 199000
0.2584 1 200000
0.2592 1 201000
0.26 1 202000
0.2608 1 203000
0.2616 1 204000
0.2624 1 205000
0.2632 1 206000
0.264 1 207000
0.2648 1 208000
0.2656 1 209000
0.2664 1 210000
0.2672 1 211000
0.268 1 212000
0.2688 1 213000
0.2696 1 214000
0.2704 1 215000
0.2712 1 216000
0.272 1 217000
0.2728 1 218000
0.2736 1 219000
0.2744 1 220000
0.2752 1 221000
0.276 1 222000
0.2768 1 223000
0.2776 1 224000
0.2784 1 225000
0.2792 1 226000
0.28 1 227000
0.2808 1 228000
0.2816 1 229000
0.2824 1 230000
0.2832 1 231000
0.284 1 232000
0.2848 1 233000
0.2856 1 234000
0.2864 1 235000
0.2872 1 236000
0.288 1 237000
0.2888 1 238000
0.2896 1 239000
0.2904 1 240000
0.2912 1 241000
0.292 1 242000
0.2928 1 243000
0.2936 1 244000
0.2944 1 245000
0.2952 1 246000
0.296 1 247000
0.2968 1 248000
0.2976 1 249000
0.2984 1 250000
0.2992 1 251000
0.3 1 252000
0.3008 1 253000
0.3032 1 1000
0.4016 1 2000
0.4224 1 3000
0.4432 1 4000
0.4448 1 5000
0.4648 1 6000
0.4664 1 7000
0.468 1 8000
0.4864 1 9000
0.488 1 10000
0.4896 1 11000
0.4912 1 12000
0.5072 1 13000
0.5088 1 14000
0.5104 1 15000
0.512 1 16000
0.5136 1 17000
0.5152 1 18000
0.528 1 19000
0.5296 1 20000
0.5312 1 21000
0.5328 1 22000
0.5344 1 23000
0.536 1 24000
0.5376 1 25000
0.5392 1 26000
0.5408 1 27000
0.5488 1 28000
0.5504 1 29000
0.552 1 30000
0.5536 1 31000
0.5552 1 32000
0.5568 1 33000
0.5584 1 34000
0.56 1 35000
0.5616 1 36000
0.5632 1 37000
0.5648 1 38000
0.5664 1 39000
0.568 1 40000
0.5696 1 41000
0.5712 1 42000
0.5728 1 43000
0.5744 1 44000
0.576 1 45000
0.5776 1 46000
0.5792 1 47000
0.5808 1 48000
0.5824 1 49000
0.584 1 50000
0.5856 1 51000
0.5872 1 52000
0.5888 1 53000
0.5904 1 54000
0.592 1 55000
0.5936 1 56000
0.5952 1 57000
0.5968 1 58000
0.5984 1 59000
0.6 1 60000
0.6016 1 61000
0.6032 1 62000
0.6048 1 63000
0.6064 1 64000
0.608 1 65000
0.6096 1 66000
0.6112 1 67000
0.6128 1 68000
0.6144 1 69000
0.616 1 70000
0.6168 1 71000
0.6176 1 72000
0.6192 1 73000
0.6208 1 74000
0.6224 1 75000
0.624 1 76000
0.6256 1 77000
0.6272 1 78000
0.6288 1 79000
0.6304 1 80000
0.632 1 81000
0.6336 1 82000
0.6352 1 83000
0.6368 1 84000
0.6384 1 85000
0.64 1 86000
0.6416 1 87000
0.6432 1 88000
0.6448 1 89000
0.6464 1 90000
0.648 1 91000
0.6496 1 92000
0.6512 1 93000
0.6528 1 94000
0.6544 1 95000
0.656 1 96000
0.6576 1 97000
0.6592 1 98000
0.6608 1 99000
0.6624 1 100000
0.664 1 101000
0.6656 1 102000
0.6672 1 103000
0.6688 1 104000
0.6704 1 105000
0.672 1 106000
0.6736 1 107000
0.6752 1 108000
0.6768 1 109000
0.6784 1 110000
0.68 1 111000
0.6816 1 112000
0.6832 1 113000
0.6848 1 114000
0.6864 1 115000
0.688 1 116000
0.6896 1 117000
0.6912 1 118000
0.6928 1 119000
0.6944 1 120000
0.696 1 121000
0.6976 1 122000
0.6992 1 123000
0.7008 1 124000
0.7024 1 125000
0.704 1 126000
0.7056 1 127000
0.7072 1 128000
0.7088 1 129000
0.7096 1 130000
0.7104 1 131000
0.7112 1 132000
0.712 1 133000
0.7128 1 134000
0.7136 1 135000
0.7144 1 136000
0.7152 1 137000
0.716 1 138000
0.7168 1 139000
0.7176 1 140000
0.7184 1 141000
0.7192 1 142000
0.72 1 143000
0.7208 1 144000
0.7216 1 145000
0.7224 1 146000
0.7232 1 147000
0.724 1 148000
0.7248 1 149000
0.7256 1 150000
0.7264 1 151000
0.7272 1 152000
0.728 1 153000
0.7288 1 154000
0.7296 1 155000
0.7304 1 156000
0.7312 1 157000
0.732 1 158000
0.7328 1 159000
0.7336 1 160000
0.7344 1 161000
0.7352 1 162000
0.736 1 163000
0.7368 1 164000
0.7376 1 165000
0.7384 1 166000
0.7392 1 167000
0.74 1 168000
0.7408 1 169000
0.7416 1 170000
0.7424 1 171000
0.7432 1 172000
0.744 1 173000
0.7448 1 174000
0.7456 1 175000
0.7464 1 176000
0.7472 1 177000
0.748 1 178000
0.7488 1 179000
0.7496 1 180000
0.7504 1 181000
0.7512 1 182000
0.752 1 183000
0.7528 1 184000
0.7536 1 185000
0.7544 1 186000
0.7552 1 187000
0.756 1 188000
0.7568 1 189000
0.7576 1 190000
0.7584 1 191000
0.7592 1 192000
0.76 1 193000
0.7608 1 194000
0.7616 1 195000
0.7624 1 196000
0.7632 1 197000
0.764 1 198000
0.7648 1 199000
0.7656 1 200000
0.7664 1 201000
0.7672 1 202000
0.768 1 203000
0.7688 1 204000
0.7696 1 205000
0.7704 1 206000
0.7712 1 207000
0.772 1 208000
0.7728 1 209000
0.7736 1 210000
0.7744 1 211000
0.7752 1 211000
0.776 1 211000
0.7768 1 211000
0.7776 1 211000
0.7784 1 211000
0.7792 1 211000
0.78 1 211000
0.7808 1 211000
0.7816 1 211000
0.7824 1 211000
0.7832 1 211000
0.784 1 211000
0.7848 1 211000
0.7856 1 211000
0.7864 1 211000
0.7872 1 211000
0.788 1 211000
0.7888 1 211000
0.7896 1 211000
0.7904 1 211000
0.7912 1 211000
0.792 1 211000
0.7928 1 211000
0.7936 1 211000
0.7944 1 211000
0.7952 1 211000
0.796 1 211000
0.7968 1 211000
0.7976 1 211000
0.7984 1 211000
0.7992 1 211000
0.8 1 211000
0.8008 1 211000
0.8016 1 211000
0.8024 1 211000
0.8048 1 1000
0.9032 1 2000
0.924 1 3000
0.9448 1 4000
0.9656 1 5000
0.968 1 1000
0.9864 1 2000
0.988 1 3000
0.9896 1 4000
1.008 1 1000
1.0104 1 2000
1.012 1 3000
1.0312 1 1000
1.0328 1 2000
1.0344 1 3000
1.0544 1 1000
1.0552 1 2000
1.0568 1 3000
1.0768 1 1000
1.0776 1 2000
1.0792 1 3000
1.0992 1 1000
1.1 1 2000
1.1016 1 3000
1.1216 1 1000
1.1224 1 2000
1.124 1 3000
1.144 1 1000
1.1448 1 2000
1.1464 1 3000
1.1664 1 1000
1.1672 1 2000
1.1688 1 3000
1.1888 1 1000
1.1896 1 2000
1.1912 1 3000
1.2112 1 1000
1.212 1 2000
1.2136 1 3000
1.2336 1 1000
1.2344 1 2000
1.236 1 3000
1.256 1 1000
1.2568 1 2000
1.2584 1 3000
1.2784 1 1000
1.2792 1 2000
1.2808 1 3000
1.3008 1 1000
1.3016 1 2000
1.3032 1 3000
1.3232 1 1000
1.324 1 2000
1.3256 1 3000
1.3456 1 1000
1.3464 1 2000
1.348 1 3000
1.368 1 1000
1.3688 1 2000
1.3704 1 3000
1.3904 1 1000
1.3912 1 2000
1.3928 1 3000
1.4128 1 1000
1.4136 1 2000
1.4152 1 3000
1.4352 1 1000
1.436 1 2000
1.4376 1 3000
1.4576 1 1000
1.4584 1 2000
1.46 1 3000
1.48 1 1000
1.4808 1 2000
1.4824 1 3000
1.5024 1 1000
1.5032 1 2000
1.5048 1 3000
1.5248 1 1000
1.5256 1 2000
1.5272 1 3000
1.5472 1 1000
1.548 1 2000
1.5496 1 3000
1.5696 1 1000
1.5704 1 2000
1.572 1 3000
1.592 1 1000
1.5928 1 2000
1.5944 1 3000
1.6144 1 1000
1.6152 1 2000
1.6168 1 3000
1.6368 1 1000
1.6376 1 2000
1.6392 1 3000
1.6592 1 1000
1.66 1 2000
1.6616 1 3000
1.6816 1 1000
1.6824 1 2000
1.684 1 3000
1.704 1 1000
1.7048 1 2000
1.7064 1 3000
1.7264 1 1000
1.7272 1 2000
1.7288 1 3000
1.7488 1 1000
1.7496 1 2000
1.7512 1 3000
1.7712 1 1000
1.772 1 2000
1.7736 1 3000
1.7936 1 1000
1.7944 1 2000
1.796 1 3000
1.816 1 1000
1.8168 1 2000
1.8184 1 3000
1.8384 1 1000
1.8392 1 2000
1.8408 1 3000
1.8608 1 1000
1.8616 1 2000
1.8632 1 3000
1.8832 1 1000
1.884 1 2000
1.904 1 1000
1.9048 1 2000
1.9056 1 2000
1.9264 1 3000
1.9272 1 3000
1.9472 1 3000
1.948 1 3000
1.9488 1 4000
1.968 1 4000
1.9688 1 4000
1.9696 1 5000
1.9704 1 5000
1.9888 1 5000
1.9896 1 5000
1.9904 1 5000
1.9912 1 6000
1.992 1 6000
2.0096 1 6000
2.0104 1 6000
2.0112 1 6000
2.012 1 6000
2.0128 1 7000
2.0136 1 7000
2.0304 1 7000
2.0312 1 7000
2.032 1 7000
2.0328 1 7000
2.0336 1 7000
2.0344 1 8000
2.0352 1 8000
2.0512 1 8000
2.052 1 8000
2.0528 1 8000
2.0536 1 8000
2.0544 1 8000
2.0552 1 8000
2.056 1 9000
2.0568 1 9000
2.072 1 9000
2.0728 1 9000
2.0736 1 9000
2.0744 1 9000
2.0752 1 9000
2.076 1 9000
2.0768 1 9000
2.0776 1 10000
2.0784 1 10000
2.0928 1 10000
2.0936 1 10000
2.0944 1 10000
2.0952 1 10000
2.096 1 10000
2.0968 1 10000
2.0976 1 10000
2.0984 1 10000
2.0992 1 11000
2.1 1 11000
2.1136 1 11000
2.1144 1 11000
2.1152 1 11000
2.116 1 11000
2.1168 1 11000
2.1176 1 11000
2.1184 1 11000
2.1192 1 11000
2.12 1 11000
2.1208 1 12000
2.1216 1 12000
2.1344 1 12000
2.1352 1 12000
2.136 1 12000
2.1368 1 12000
2.1376 1 12000
2.1384 1 12000
2.1392 1 12000
2.14 1 12000
2.1408 1 12000
2.1416 1 12000
2.1424 1 13000
2.1432 1 13000
2.1552 1 13000
2.156 1 13000
2.1568 1 13000
2.1576 1 13000
2.1584 1 13000
2.1592 1 13000
2.16 1 13000
2.1608 1 13000
2.1616 1 13000
2.1624 1 13000
2.1632 1 13000
2.164 1 14000
2.1648 1 14000
2.176 1 14000
2.1768 1 14000
2.1776 1 14000
2.1784 1 14000
2.1792 1 14000
2.18 1 14000
2.1808 1 14000
2.1816 1 14000
2.1824 1 14000
2.1832 1 14000
2.184 1 14000
2.1848 1 14000
2.1856 1 15000
2.1864 1 15000
2.1968 1 15000
2.1976 1 15000
2.1984 1 15000
2.1992 1 15000
2.2 1 15000
2.2008 1 15000
2.2016 1 15000
2.2024 1 15000
2.2032 1 15000
2.204 1 15000
2.2048 1 15000
2.2056 1 15000
2.2064 1 15000
2.2072 1 16000
2.208 1 16000
2.2176 1 16000
2.2184 1 16000
2.2192 1 16000
2.22 1 16000
2.2208 1 16000
2.2216 1 16000
2.2224 1 16000
2.2232 1 16000
2.224 1 16000
2.2248 1 16000
2.2256 1 16000
2.2264 1 16000
2.2272 1 16000
2.228 1 16000
2.2288 1 17000
2.2296 1 17000
2.2384 1 17000
2.2392 1 17000
2.24 1 17000
2.2408 1 17000
2.2416 1 17000
2.2424 1 17000
2.2432 1 17000
2.244 1 17000
2.2448 1 17000
2.2456 1 17000
2.2464 1 17000
2.2472 1 17000
2.248 1 17000
2.2488 1 17000
2.2496 1 17000
2.2504 1 18000
2.2512 1 18000
2.2592 1 18000
2.26 1 18000
2.2608 1 18000
2.2616 1 18000
2.2624 1 18000
2.2632 1 18000
2.264 1 18000
2.2648 1 18000
2.2656 1 18000
2.2664 1 18000
2.2672 1 18000
2.268 1 18000
2.2688 1 18000
2.2688008 1 18000
