0.0216 2
0.0632 2
0.064 2
0.1048 2
0.1056 2
0.1064 2
0.1072 2
0.1116 1
0.1464 2
0.1472 2
0.148 2
0.1488 2
0.1496 2
0.1504 2
0.1512 2
0.152 2
0.188 2
0.1888 2
0.1896 2
0.1904 2
0.1912 2
0.192 2
0.1928 2
0.1936 2
0.1944 2
0.1952 2
0.196 2
0.1968 2
0.1976 2
0.1984 2
0.1992 2
0.2 2
0.2296 2
0.2304 2
0.2312 2
0.232 2
0.2328 2
0.2336 2
0.2344 2
0.2352 2
0.236 2
0.2368 2
0.2376 2
0.2384 2
0.2392 2
0.24 2
0.2408 2
0.2416 2
0.2424 2
0.2432 2
0.244 2
0.2448 2
0.2456 2
0.2464 2
0.2472 2
0.248 2
0.2488 2
0.2496 2
0.2504 2
0.2512 2
0.252 2
0.2528 2
0.2536 2
0.2544 2
0.2712 2
0.272 2
0.2728 2
0.2736 2
0.2744 2
0.2752 2
0.276 2
0.2768 2
0.2776 2
0.2784 2
0.2792 2
0.28 2
0.2808 2
0.2816 2
0.2824 2
0.2832 2
0.284 2
0.2848 2
0.2856 2
0.2864 2
0.2872 2
0.288 2
0.2888 2
0.2896 2
0.2904 2
0.2912 2
0.292 2
0.2928 2
0.2936 2
0.2944 2
0.2952 2
0.296 2
0.2968 2
0.2976 2
0.2984 2
0.2992 2
0.3 2
0.3008 2
0.3016 2
0.3024 2
0.3032 2
0.304 2
0.3048 2
0.3056 2
0.3064 2
0.3072 2
0.308 2
0.3088 2
0.3096 2
0.3104 2
0.3112 2
0.312 2
0.3128 2
0.3136 2
0.3144 2
0.3152 2
0.316 2
0.3168 2
0.3176 2
0.3184 2
0.3192 2
0.32 2
0.3208 2
0.3216 2
0.3224 2
0.3232 2
0.324 2
0.3248 2
0.3256 2
0.3264 2
0.3272 2
0.328 2
0.3288 2
0.3296 2
0.3304 2
0.3312 2
0.332 2
0.3328 2
0.3336 1
0.3344 2
0.3352 1
0.336 2
0.3368 2
0.3376 2
0.3384 2
0.3392 2
0.34 2
0.3408 2
0.3416 2
0.3424 2
0.3432 2
0.344 2
0.3448 2
0.3456 2
0.3464 2
0.3472 2
0.348 2
0.3488 2
0.3496 2
0.3504 2
0.3512 2
0.352 2
0.3528 2
0.3536 2
0.3544 2
0.3552 2
0.356 2
0.3568 2
0.3576 2
0.3584 2
0.3592 2
0.36 2
0.3608 2
0.3616 2
0.3624 2
0.3632 2
0.364 2
0.3648 2
0.3656 2
0.3664 2
0.3672 2
0.368 2
0.3688 2
0.3696 2
0.3704 2
0.3712 2
0.372 2
0.3728 2
0.3736 2
0.3744 2
0.3752 2
0.376 2
0.3768 2
0.3776 2
0.3784 2
0.3792 2
0.38 2
0.3808 2
0.3816 2
0.3824 2
0.3832 2
0.384 2
0.3848 2
0.3856 2
0.3864 2
0.3872 2
0.388 2
0.3888 2
0.3896 2
0.3904 2
0.3912 2
0.392 2
0.3928 2
0.3936 2
0.3944 2
0.3952 2
0.396 2
0.3968 2
0.3976 2
0.3984 2
0.3992 2
0.4 2
0.4008 2
0.4016 2
0.4024 2
0.4032 2
0.404 2
0.4048 2
0.4056 2
0.4064 2
0.4072 2
0.408 2
0.4088 2
0.4096 2
0.4104 2
0.4112 2
0.412 2
0.4128 2
0.4136 2
0.4144 2
0.4152 2
0.416 2
0.4168 2
0.4176 2
0.4184 2
0.4192 2
0.42 2
0.4208 2
0.4216 2
0.4224 2
0.4232 2
0.424 2
0.4248 2
0.4256 2
0.4264 2
0.4272 2
0.428 2
0.4288 2
0.4296 2
0.4304 2
0.4312 2
0.432 2
0.4328 2
0.4336 2
0.4344 2
0.4352 2
0.436 2
0.4368 2
0.4376 2
0.4384 2
0.4392 2
0.44 2
0.4408 2
0.4416 2
0.4424 2
0.4432 2
0.444 2
0.4448 2
0.4456 2
0.4464 2
0.4472 2
0.448 2
0.4488 2
0.4496 2
0.4504 2
0.4512 2
0.452 2
0.4528 2
0.4536 2
0.4544 2
0.4552 2
0.456 2
0.4568 2
0.4576 2
0.4584 2
0.4592 2
0.46 2
0.4608 2
0.4616 2
0.4624 2
0.4632 2
0.464 2
0.4648 2
0.4656 2
0.4664 2
0.4672 2
0.468 2
0.4688 2
0.4696 2
0.4704 2
0.4712 2
0.472 2
0.4728 2
0.4736 2
0.4744 2
0.4752 2
0.476 2
0.4768 2
0.4776 2
0.4784 2
0.4792 2
0.48 2
0.4808 2
0.4816 2
0.4824 2
0.4832 2
0.484 2
0.4848 2
0.4856 2
0.4864 2
0.4872 2
0.488 2
0.4888 2
0.4896 2
0.4904 2
0.4912 2
0.492 2
0.4928 2
0.4936 2
0.4944 2
0.4952 2
0.496 2
0.4968 2
0.4976 2
0.4984 2
0.4992 2
0.5 2
0.5008 2
0.5016 2
0.5024 2
0.5032 2
0.504 2
0.5048 2
0.5056 2
0.5064 2
0.5072 2
0.508 2
0.5088 2
0.5096 2
0.5104 2
0.5112 2
0.512 2
0.5128 2
0.5136 2
0.5144 2
0.5152 2
0.516 2
0.5168 2
0.5176 2
0.5184 2
0.5192 2
0.52 2
0.5208 2
0.5216 2
0.5224 2
0.5232 2
0.524 2
0.5248 2
0.5256 2
0.5264 2
0.5272 2
0.528 2
0.5288 2
0.5296 2
0.5304 2
0.5312 2
0.532 2
0.5328 2
0.5336 2
0.5344 2
0.5352 2
0.536 2
0.5368 2
0.5376 2
0.5384 2
0.5392 2
0.54 2
0.5408 2
0.5416 2
0.5424 2
0.5432 2
0.544 2
0.5448 2
0.5456 2
0.5464 2
0.5472 2
0.548 2
0.5488 2
0.5496 2
0.5504 2
0.5512 2
0.552 2
0.5528 2
0.5536 2
0.5544 2
0.5552 2
0.556 2
0.5568 1
0.5576 2
0.5584 1
0.5592 2
0.56 1
0.5608 2
0.5616 1
0.5624 2
0.5632 2
0.564 2
0.5648 2
0.5656 2
0.5664 2
0.5672 2
0.568 2
0.5688 2
0.5696 2
0.5704 2
0.5712 2
0.572 2
0.5728 2
0.5736 2
0.5744 2
0.5752 2
0.576 2
0.5768 2
0.5776 2
0.5784 2
0.5792 2
0.58 2
0.5808 2
0.5816 2
0.5824 2
0.5832 2
0.584 2
0.5848 2
0.5856 2
0.5864 2
0.5872 2
0.588 2
0.5888 2
0.5896 2
0.5904 2
0.5912 2
0.592 2
0.5928 2
0.5936 2
0.5944 2
0.5952 2
0.596 2
0.5968 2
0.5976 2
0.5984 2
0.5992 2
0.6 2
0.6008 2
0.6016 2
0.6024 2
0.6032 2
0.604 2
0.6048 2
0.6056 2
0.6064 2
0.6072 2
0.608 2
0.6088 2
0.6096 2
0.6104 2
0.6112 2
0.612 2
0.6128 2
0.6136 2
0.6144 2
0.6152 2
0.616 2
0.6168 2
0.6176 2
0.6184 2
0.6192 2
0.62 2
0.6208 2
0.6216 2
0.6224 2
0.6232 2
0.624 2
0.6248 2
0.6256 2
0.6264 2
0.6272 2
0.628 2
0.6288 2
0.6296 2
0.6304 2
0.6312 2
0.632 2
0.6328 2
0.6336 2
0.6344 2
0.6352 2
0.636 2
0.6368 2
0.6376 2
0.6384 2
0.6392 2
0.64 2
0.6408 2
0.6416 2
0.6424 2
0.6432 2
0.644 2
0.6448 2
0.6456 2
0.6464 2
0.6472 2
0.648 2
0.6488 2
0.6496 2
0.6504 2
0.6512 2
0.652 2
0.6528 2
0.6536 2
0.6544 2
0.6552 2
0.656 2
0.6568 2
0.6576 2
0.6584 2
0.6592 2
0.66 2
0.6608 2
0.6616 2
0.6624 2
0.6632 2
0.664 2
0.6648 2
0.6656 2
0.6664 2
0.6672 2
0.668 2
0.6688 2
0.6696 2
0.6704 2
0.6712 2
0.672 2
0.6728 2
0.6736 2
0.6744 2
0.6752 2
0.676 2
0.6768 2
0.6776 2
0.6784 2
0.6792 2
0.68 2
0.6808 2
0.6816 2
0.6824 2
0.6832 2
0.684 2
0.6848 2
0.6856 2
0.6864 2
0.6872 2
0.688 2
0.6888 2
0.6896 2
0.6904 2
0.6912 2
0.692 2
0.6928 2
0.6936 2
0.6944 2
0.6952 2
0.696 2
0.6968 2
0.6976 2
0.6984 2
0.6992 2
0.7 2
0.7008 2
0.7016 2
0.7024 2
0.7032 2
0.704 2
0.7048 2
0.7056 2
0.7064 2
0.7072 2
0.708 2
0.7088 2
0.7096 2
0.7104 2
0.7112 2
0.712 2
0.7128 2
0.7136 2
0.7144 2
0.7152 2
0.716 2
0.7168 2
0.7176 2
0.7184 2
0.7192 2
0.72 2
0.7208 2
0.7216 2
0.7224 2
0.7232 2
0.724 2
0.7248 2
0.7256 2
0.7264 2
0.7272 2
0.728 2
0.7288 2
0.7296 2
0.7304 2
0.7312 2
0.732 2
0.7328 2
0.7336 2
0.7344 2
0.7352 2
0.736 2
0.7368 2
0.7376 2
0.7384 2
0.7392 2
0.74 2
0.7408 2
0.7416 2
0.7424 2
0.7432 2
0.744 2
0.7448 2
0.7456 2
0.7464 2
0.7472 2
0.748 2
0.7488 2
0.7496 2
0.7504 2
0.7512 2
0.752 2
0.7528 2
0.7536 2
0.7544 2
0.7552 2
0.756 2
0.7568 2
0.7576 2
0.7584 2
0.7592 2
0.76 2
0.7608 2
0.7616 2
0.7624 2
0.7632 2
0.764 2
0.7648 2
0.7656 2
0.7664 2
0.7672 2
0.768 2
0.7688 2
0.7696 2
0.7704 2
0.7712 2
0.772 2
0.7728 2
0.7736 2
0.7744 2
0.7752 2
0.776 2
0.7768 2
0.7776 2
0.7784 2
0.7792 2
0.78 2
0.7808 2
0.7816 2
0.7824 2
0.7832 1
0.784 2
0.7848 1
0.7856 2
0.7864 1
0.7872 2
0.788 1
0.7888 2
0.7896 1
0.7904 2
0.7912 1
0.792 2
0.7928 1
0.7936 2
0.7944 1
0.7952 2
0.796 2
0.7968 2
0.7976 2
0.7984 2
0.7992 2
0.8 2
0.8008 2
0.8016 2
0.8024 2
0.8032 2
0.804 2
0.8048 2
0.8056 2
0.8064 2
0.8072 2
0.808 2
0.8088 2
0.8096 2
0.8104 2
0.8112 2
0.812 2
0.8128 2
0.8136 2
0.8144 2
0.8152 2
0.816 2
0.8168 2
0.8176 2
0.8184 2
0.8192 2
0.82 2
0.8208 2
0.8216 2
0.8224 2
0.8232 2
0.824 2
0.8248 2
0.8256 2
0.8264 2
0.8272 2
0.828 2
0.8288 2
0.8296 2
0.8304 2
0.8312 2
0.832 2
0.8328 2
0.8336 2
0.8344 2
0.8352 2
0.836 2
0.8368 2
0.8376 2
0.8384 2
0.8392 2
0.84 2
0.8408 2
0.8416 2
0.8424 2
0.8432 2
0.844 2
0.8448 2
0.8456 2
0.8464 2
0.8472 2
0.848 2
0.8488 2
0.8496 2
0.8504 2
0.8512 2
0.852 2
0.8528 2
0.8536 2
0.8544 2
0.8552 2
0.856 2
0.8568 2
0.8576 2
0.8584 2
0.8592 2
0.86 2
0.8608 2
0.8616 2
0.8624 2
0.8632 2
0.864 2
0.8648 2
0.8656 2
0.8664 2
0.8672 2
0.868 2
0.8688 2
0.8696 2
0.8704 2
0.8712 2
0.872 2
0.8728 2
0.8736 2
0.8744 2
0.8752 2
0.876 2
0.8768 2
0.8776 2
0.8784 2
0.8792 2
0.88 2
0.8808 2
0.8816 2
0.8824 2
0.8832 2
0.884 2
0.8848 2
0.8856 2
0.8864 2
0.8872 2
0.888 2
0.8888 2
0.8896 2
0.8904 2
0.8912 2
0.892 2
0.8928 2
0.8936 2
0.8944 2
0.8952 2
0.896 2
0.8968 2
0.8976 2
0.8984 2
0.8992 2
0.9 2
0.9008 2
0.9016 2
0.9024 2
0.9032 2
0.904 2
0.9048 2
0.9056 2
0.9064 2
0.9072 2
0.908 2
0.9088 2
0.9096 2
0.9104 2
0.9112 2
0.912 2
0.9128 2
0.9136 2
0.9144 2
0.9152 2
0.916 2
0.9168 2
0.9176 2
0.9184 2
0.9192 2
0.92 2
0.9208 2
0.9216 2
0.9224 2
0.9232 2
0.924 2
0.9248 2
0.9256 2
0.9264 2
0.9272 2
0.928 2
0.9288 2
0.9296 2
0.9304 2
0.9312 2
0.932 2
0.9328 2
0.9336 2
0.9344 2
0.9352 2
0.936 2
0.9368 2
0.9376 2
0.9384 2
0.9392 2
0.94 2
0.9408 2
0.9416 2
0.9424 2
0.9432 2
0.944 2
0.9448 2
0.9456 2
0.9464 2
0.9472 2
0.948 2
0.9488 2
0.9496 2
0.9504 2
0.9512 2
0.952 2
0.9528 2
0.9536 2
0.9544 2
0.9552 2
0.956 2
0.9568 2
0.9576 2
0.9584 2
0.9592 2
0.96 2
0.9608 2
0.9616 2
0.9624 2
0.9632 2
0.964 2
0.9648 2
0.9656 2
0.9664 2
0.9672 2
0.968 2
0.9688 2
0.9696 2
0.9704 2
0.9712 2
0.972 2
0.9728 2
0.9736 2
0.9744 2
0.9752 2
0.976 2
0.9768 2
0.9776 2
0.9784 2
0.9792 2
0.98 2
0.9808 2
0.9816 2
0.9824 2
0.9832 2
0.984 2
0.9848 2
0.9856 2
0.9864 2
0.9872 2
0.988 2
0.9888 2
0.9896 2
0.9904 2
0.9912 2
0.992 2
0.9928 2
0.9936 2
0.9944 2
0.9952 2
0.996 2
0.9968 2
0.9976 2
0.9984 2
0.9992 2
1.0 2
1.0008 2
1.0016 2
1.0024 2
1.0032 2
1.004 2
1.0048 2
1.0056 2
1.0064 2
1.0072 2
1.008 2
1.0088 2
1.0096 2
1.0104 2
1.0112 2
1.012 2
1.0128 2
1.0136 2
1.0144 2
1.0152 2
1.016 1
1.0168 2
1.0176 1
1.0184 2
1.0192 1
1.02 2
1.0208 1
1.0216 2
1.0224 1
1.0232 2
1.024 1
1.0248 2
1.0256 1
1.0264 2
1.0272 1
1.028 2
1.0288 1
1.0296 2
1.0304 1
1.0312 2
1.032 1
1.0328 2
1.0336 1
1.0344 2
1.0352 1
1.036 2
1.0368 1
1.0376 2
1.0384 1
1.0392 2
1.04 1
1.0408 2
1.0416 2
1.0424 2
1.0432 2
1.044 2
1.0440008 2
1.2376 1
1.2384 1
1.2392 1
1.24 1
1.2408 1
1.2416 1
1.2424 1
1.2432 1
1.244 1
1.2448 1
1.2456 1
1.2464 1
1.2472 1
1.248 1
1.2488 1
1.2496 1
1.2504 1
1.2512 1
1.252 1
1.2528 1
1.2536 1
1.2544 1
1.2552 1
1.256 1
1.2568 1
1.2576 1
1.2584 1
1.2592 1
1.26 1
1.2608 1
1.2616 1
1.2624 1
1.4592 1
1.46 1
1.4608 1
1.4616 1
1.4624 1
1.4632 1
1.464 1
1.4648 1
1.4656 1
1.4664 1
1.4672 1
1.468 1
1.4688 1
1.4696 1
1.4704 1
1.4712 1
1.472 1
1.4728 1
1.4736 1
1.4744 1
1.4752 1
1.476 1
1.4768 1
1.4776 1
1.4784 1
1.4792 1
1.48 1
1.4808 1
1.4816 1
1.4824 1
1.4832 1
1.484 1
1.4848 1
1.4856 1
1.4864 1
1.4872 1
1.488 1
1.4888 1
1.4896 1
1.4904 1
1.4912 1
1.492 1
1.4928 1
1.4936 1
1.4944 1
1.4952 1
1.496 1
1.4968 1
1.4976 1
1.4984 1
1.4992 1
1.5 1
1.5008 1
1.5016 1
1.5024 1
1.5032 1
1.504 1
1.5048 1
1.5056 1
1.5064 1
1.5072 1
1.508 1
1.5088 1
1.5096 1
1.6808 1
1.6816 1
1.6824 1
1.6832 1
1.684 1
1.6848 1
1.6856 1
1.6864 1
1.6872 1
1.688 1
1.6888 1
1.6896 1
1.6904 1
1.6912 1
1.692 1
1.6928 1
1.6936 1
1.6944 1
1.6952 1
1.696 1
1.6968 1
1.6976 1
1.6984 1
1.6992 1
1.7 1
1.7008 1
1.7016 1
1.7024 1
1.7032 1
1.704 1
1.7048 1
1.7056 1
1.7064 1
1.7072 1
1.708 1
1.7088 1
1.7096 1
1.7104 1
1.7112 1
1.712 1
1.7128 1
1.7136 1
1.7144 1
1.7152 1
1.716 1
1.7168 1
1.7176 1
1.7184 1
1.7192 1
1.72 1
1.7208 1
1.7216 1
1.7224 1
1.7232 1
1.724 1
1.7248 1
1.7256 1
1.7264 1
1.7272 1
1.728 1
1.7288 1
1.7296 1
1.7304 1
1.7312 1
1.732 1
1.7328 1
1.7336 1
1.7344 1
1.7352 1
1.736 1
1.7368 1
1.7376 1
1.7384 1
1.7392 1
1.74 1
1.7408 1
1.7416 1
1.7424 1
1.7432 1
1.744 1
1.7448 1
1.7456 1
1.7464 1
1.7472 1
1.748 1
1.7488 1
1.7496 1
1.7504 1
1.7512 1
1.752 1
1.7528 1
1.7536 1
1.7544 1
1.7552 1
1.756 1
1.7568 1
1.7576 1
1.7584 1
1.7592 1
1.76 1
1.9024 1
1.9032 1
1.904 1
1.9048 1
1.9056 1
1.9064 1
1.9072 1
1.908 1
1.9088 1
1.9096 1
1.9104 1
1.9112 1
1.912 1
1.9128 1
1.9136 1
1.9144 1
1.9152 1
1.916 1
1.9168 1
1.9176 1
1.9184 1
1.9192 1
1.92 1
1.9208 1
1.9216 1
1.9224 1
1.9232 1
1.924 1
1.9248 1
1.9256 1
1.9264 1
1.9272 1
1.928 1
1.9288 1
1.9296 1
1.9304 1
1.9312 1
1.932 1
1.9328 1
1.9336 1
1.9344 1
1.9352 1
1.936 1
1.9368 1
1.9376 1
1.9384 1
1.9392 1
1.94 1
1.9408 1
1.9416 1
1.9424 1
1.9432 1
1.944 1
1.9448 1
1.9456 1
1.9464 1
1.9472 1
1.948 1
1.9488 1
1.9496 1
1.9504 1
1.9512 1
1.952 1
1.9528 1
1.9536 1
1.9544 1
1.9552 1
1.956 1
1.9568 1
1.9576 1
1.9584 1
1.9592 1
1.96 1
1.9608 1
1.9616 1
1.9624 1
1.9632 1
1.964 1
1.9648 1
1.9656 1
1.9664 1
1.9672 1
1.968 1
1.9688 1
1.9696 1
1.9704 1
1.9712 1
1.972 1
1.9728 1
1.9736 1
1.9744 1
1.9752 1
1.976 1
1.9768 1
1.9776 1
1.9784 1
1.9792 1
1.98 1
1.9808 1
1.9816 1
1.9824 1
2.124 1
2.1248 1
2.1256 1
2.1264 1
2.1272 1
2.128 1
2.1288 1
2.1296 1
2.1304 1
2.1312 1
2.132 1
2.1328 1
2.1336 1
2.1344 1
2.1352 1
2.136 1
2.1368 1
2.1376 1
2.1384 1
2.1392 1
2.14 1
2.1408 1
2.1416 1
2.1424 1
2.1432 1
2.144 1
2.1448 1
2.1456 1
2.1464 1
2.1472 1
2.148 1
2.1488 1
2.1496 1
2.1504 1
2.1512 1
2.152 1
2.1528 1
2.1536 1
2.1544 1
2.1552 1
2.156 1
2.1568 1
2.1576 1
2.1584 1
2.1592 1
2.16 1
2.1608 1
2.1616 1
2.1624 1
2.1632 1
2.164 1
2.1648 1
2.1656 1
2.1664 1
2.1672 1
2.168 1
2.1688 1
2.1696 1
2.1704 1
2.1712 1
2.172 1
2.1728 1
2.1736 1
2.1744 1
2.1752 1
2.176 1
2.1768 1
2.1776 1
2.1784 1
2.1792 1
2.18 1
2.1808 1
2.1816 1
2.1824 1
2.1832 1
2.184 1
2.1848 1
2.1856 1
2.1864 1
2.1872 1
2.188 1
2.1888 1
2.1896 1
2.1904 1
2.1912 1
2.192 1
2.1928 1
2.1936 1
2.1944 1
2.1952 1
2.196 1
2.1968 1
2.1976 1
2.1984 1
2.1992 1
2.2 1
2.2008 1
2.2016 1
2.2024 1
2.2032 1
2.204 1
2.2048 1
2.3456 1
2.3464 1
2.3472 1
2.348 1
2.3488 1
2.3496 1
2.3504 1
2.3512 1
2.352 1
2.3528 1
2.3536 1
2.3544 1
2.3552 1
2.356 1
2.3568 1
2.3576 1
2.3584 1
2.3592 1
2.36 1
2.3608 1
2.3616 1
2.3624 1
2.3632 1
2.364 1
2.3648 1
2.3656 1
2.3664 1
2.3672 1
2.368 1
2.3688 1
2.3696 1
2.3704 1
2.3712 1
2.372 1
2.3728 1
2.3736 1
2.3744 1
2.3752 1
2.376 1
2.3768 1
2.3776 1
2.3784 1
2.3792 1
2.38 1
2.3808 1
2.3816 1
2.3824 1
2.3832 1
2.384 1
2.3848 1
2.3856 1
2.3864 1
2.3872 1
2.388 1
2.3888 1
2.3896 1
2.3904 1
2.3912 1
2.392 1
2.3928 1
2.3936 1
2.3944 1
2.3952 1
2.396 1
2.3968 1
2.3976 1
2.3984 1
2.3992 1
2.4 1
2.4008 1
2.4016 1
2.4024 1
2.4032 1
2.404 1
2.4048 1
2.4056 1
2.4064 1
2.4072 1
2.408 1
2.4088 1
2.4096 1
2.4104 1
2.4112 1
2.412 1
2.4128 1
2.4136 1
2.4144 1
2.4152 1
2.416 1
2.4168 1
2.4176 1
2.4184 1
2.4192 1
2.42 1
2.4208 1
2.4216 1
2.4224 1
2.4232 1
2.424 1
2.4248 1
2.4256 1
2.4264 1
2.4272 1
2.5672 1
2.568 1
2.5688 1
2.5696 1
2.5704 1
2.5712 1
2.572 1
2.5728 1
2.5736 1
2.5744 1
2.5752 1
2.576 1
2.5768 1
2.5776 1
2.5784 1
2.5792 1
2.58 1
2.5808 1
2.5816 1
2.5824 1
2.5832 1
2.584 1
2.5848 1
2.5856 1
2.5864 1
2.5872 1
2.588 1
2.5888 1
2.5896 1
2.5904 1
2.5912 1
2.592 1
2.5928 1
2.5936 1
2.5944 1
2.5952 1
2.596 1
2.5968 1
2.5976 1
2.5984 1
2.5992 1
2.6 1
2.6008 1
2.6016 1
2.6024 1
2.6032 1
2.604 1
2.6048 1
2.6056 1
2.6064 1
2.6072 1
2.608 1
2.6088 1
2.6096 1
2.6104 1
2.6112 1
2.612 1
2.6128 1
2.6136 1
2.6144 1
2.6152 1
2.616 1
2.6168 1
2.6176 1
2.6184 1
2.6192 1
2.62 1
2.6208 1
2.6216 1
2.6224 1
2.6232 1
2.624 1
2.6248 1
2.6256 1
2.6264 1
2.6272 1
2.628 1
2.6288 1
2.6296 1
2.6304 1
2.6312 1
2.632 1
2.6328 1
2.6336 1
2.6344 1
2.6352 1
2.636 1
2.6368 1
2.6376 1
2.6384 1
2.6392 1
2.64 1
2.6408 1
2.6416 1
2.6424 1
2.6432 1
2.644 1
2.6448 1
2.6456 1
2.6464 1
2.6472 1
2.648 1
2.6488 1
2.6496 1
2.7888 1
2.7896 1
2.7904 1
2.7912 1
2.792 1
2.7928 1
2.7936 1
2.7944 1
2.7952 1
2.796 1
2.7968 1
2.7976 1
2.7984 1
2.7992 1
2.8 1
2.8008 1
2.8016 1
2.8024 1
2.8032 1
2.804 1
2.8048 1
2.8056 1
2.8064 1
2.8072 1
2.808 1
2.8088 1
2.8096 1
2.8104 1
2.8112 1
2.812 1
2.8128 1
2.8136 1
2.8144 1
2.8152 1
2.816 1
2.8168 1
2.8176 1
2.8184 1
2.8192 1
2.82 1
2.8208 1
2.8216 1
2.8224 1
2.8232 1
2.824 1
2.8248 1
2.8256 1
2.8264 1
2.8272 1
2.828 1
2.8288 1
2.8296 1
2.8304 1
2.8312 1
2.832 1
2.8328 1
2.8336 1
2.8344 1
2.8352 1
2.836 1
2.8368 1
2.8376 1
2.8384 1
2.8392 1
2.84 1
2.8408 1
2.8416 1
2.8424 1
2.8432 1
2.844 1
2.8448 1
2.8456 1
2.8464 1
2.8472 1
2.848 1
2.8488 1
2.8496 1
2.8504 1
2.8512 1
2.852 1
2.8528 1
2.8536 1
2.8544 1
2.8552 1
2.856 1
2.8568 1
2.8576 1
2.8584 1
2.8592 1
2.86 1
2.8608 1
2.8616 1
2.8624 1
2.8632 1
2.864 1
2.8648 1
2.8656 1
2.8664 1
2.8672 1
2.868 1
2.8688 1
2.8696 1
2.8704 1
2.8712 1
3.0104 1
3.0112 1
3.012 1
3.0128 1
3.0136 1
3.0144 1
3.0152 1
3.016 1
3.0168 1
3.0176 1
3.0184 1
3.0192 1
3.02 1
3.0208 1
3.0216 1
3.0224 1
3.0232 1
3.024 1
3.0248 1
3.0256 1
3.0264 1
3.0272 1
3.028 1
3.0288 1
3.0296 1
3.0304 1
3.0312 1
3.032 1
3.0328 1
3.0336 1
3.0344 1
3.0352 1
3.036 1
3.0368 1
3.0376 1
3.0384 1
3.0392 1
3.04 1
3.0408 1
3.0416 1
3.0424 1
3.0432 1
3.044 1
3.0448 1
3.0456 1
3.0464 1
3.0472 1
3.048 1
3.0488 1
3.0496 1
3.0504 1
3.0512 1
3.052 1
3.0528 1
3.0536 1
3.0544 1
3.0552 1
3.056 1
3.0568 1
3.0576 1
3.0584 1
3.0592 1
3.06 1
3.0608 1
3.0616 1
3.0624 1
3.0632 1
3.064 1
3.0648 1
3.0656 1
3.0664 1
3.0672 1
3.068 1
3.0688 1
3.0696 1
3.0704 1
3.0712 1
3.072 1
3.0728 1
3.0736 1
3.0744 1
3.0752 1
3.076 1
3.0768 1
3.0776 1
3.0784 1
3.0792 1
3.08 1
3.0808 1
3.0816 1
3.0824 1
3.0832 1
3.084 1
3.0848 1
3.0856 1
3.0864 1
3.0872 1
3.088 1
3.0888 1
3.0896 1
3.0904 1
3.0912 1
3.092 1
3.0928 1
3.0936 1
3.232 1
3.2328 1
3.2336 1
3.2344 1
3.2352 1
3.236 1
3.2368 1
3.2376 1
3.2384 1
3.2392 1
3.24 1
3.2408 1
3.2416 1
3.2424 1
3.2432 1
3.244 1
3.2448 1
3.2456 1
3.2464 1
3.2472 1
3.248 1
3.2488 1
3.2496 1
3.2504 1
3.2512 1
3.252 1
3.2528 1
3.2536 1
3.2544 1
3.2552 1
3.256 1
3.2568 1
3.2576 1
3.2584 1
3.2592 1
3.26 1
3.2608 1
3.2616 1
3.2624 1
3.2632 1
3.264 1
3.2648 1
3.2656 1
3.2664 1
3.2672 1
3.268 1
3.2688 1
3.2696 1
3.2704 1
3.2712 1
3.272 1
3.2728 1
3.2736 1
3.2744 1
3.2752 1
3.276 1
3.2768 1
3.2776 1
3.2784 1
3.2792 1
3.28 1
3.2808 1
3.2816 1
3.2824 1
3.2832 1
3.284 1
3.2848 1
3.2856 1
3.2864 1
3.2872 1
3.288 1
3.2888 1
3.2896 1
3.2904 1
3.2912 1
3.292 1
3.2928 1
3.2936 1
3.2944 1
3.2952 1
3.296 1
3.2968 1
3.2976 1
3.2984 1
3.2992 1
3.3 1
3.3008 1
3.3016 1
3.3024 1
3.3032 1
3.304 1
3.3048 1
3.3056 1
3.3064 1
3.3072 1
3.308 1
3.3088 1
3.3096 1
3.3104 1
3.3112 1
3.312 1
3.3128 1
3.3136 1
3.3144 1
3.3152 1
3.316 1
3.4536 1
3.4544 1
3.4552 1
3.456 1
3.4568 1
3.4576 1
3.4584 1
3.4592 1
3.46 1
3.4608 1
3.4616 1
3.4624 1
3.4632 1
3.464 1
3.4648 1
3.4656 1
3.4664 1
3.4672 1
3.468 1
3.4688 1
3.4696 1
3.4704 1
3.4712 1
3.472 1
3.4728 1
3.4736 1
3.4744 1
3.4752 1
3.476 1
3.4768 1
3.4776 1
3.4784 1
3.4792 1
3.48 1
3.4808 1
3.4816 1
3.4824 1
3.4832 1
3.484 1
3.4848 1
3.4856 1
3.4864 1
3.4872 1
3.488 1
3.4888 1
3.4896 1
3.4904 1
3.4912 1
3.4912008 1
