0.0108 1
0.0316 1
0.0324 1
0.0524 1
0.0532 1
0.054 1
0.0548 1
0.0732 1
0.074 1
0.0748 1
0.0756 1
0.0764 1
0.0772 1
0.078 1
0.0788 1
0.094 1
0.0948 1
0.0956 1
0.0964 1
0.0972 1
0.098 1
0.0988 1
0.0996 1
0.1004 1
0.1012 1
0.102 1
0.1028 1
0.1036 1
0.1044 1
0.1052 1
0.106 1
0.1108 2
0.1148 1
0.1156 1
0.1164 1
0.1172 1
0.118 1
0.1188 1
0.1196 1
0.1204 1
0.1212 1
0.122 1
0.1228 1
0.1236 1
0.1244 1
0.1252 1
0.126 1
0.1268 1
0.1316 2
0.1324 2
0.1356 1
0.1364 1
0.1372 1
0.138 1
0.1388 1
0.1396 1
0.1404 1
0.1412 1
0.142 1
0.1428 1
0.1436 1
0.1444 1
0.1452 1
0.146 1
0.1468 1
0.1476 1
0.1484 1
0.1524 2
0.1532 2
0.154 2
0.1548 2
0.1564 1
0.1572 1
0.158 1
0.1588 1
0.1596 1
0.1604 1
0.1612 1
0.162 1
0.1628 1
0.1636 1
0.1644 1
0.1652 1
0.166 1
0.1668 1
0.1676 1
0.1684 1
0.1692 1
0.17 1
0.1732 2
0.174 2
0.1748 2
0.1756 2
0.1764 2
0.1772 2
0.178 2
0.1788 2
0.1796 1
0.1804 1
0.1812 1
0.182 1
0.1828 1
0.1836 1
0.1844 1
0.1852 1
0.186 1
0.1868 1
0.1876 1
0.1884 1
0.1892 1
0.19 1
0.1908 1
0.1916 1
0.1924 1
0.1932 1
0.194 1
0.1948 2
0.1956 2
0.1964 2
0.1972 2
0.198 2
0.1988 2
0.1996 2
0.2004 2
0.2012 2
0.202 2
0.2028 2
0.2036 2
0.2044 2
0.2052 2
0.206 2
0.2068 2
0.2076 1
0.2084 1
0.2092 1
0.21 1
0.2108 1
0.2116 1
0.2124 1
0.2132 1
0.214 1
0.2148 1
0.2156 1
0.2164 1
0.2172 1
0.218 1
0.2188 1
0.2196 3
0.2204 1
0.2212 1
0.222 1
0.2228 1
0.2236 1
0.2244 2
0.2252 2
0.226 2
0.2268 2
0.2276 2
0.2284 2
0.2292 2
0.23 2
0.2308 2
0.2316 2
0.2324 2
0.2332 2
0.234 2
0.2348 2
0.2356 2
0.2364 2
0.2372 1
0.238 1
0.2388 1
0.2396 1
0.2404 1
0.2412 1
0.242 1
0.2428 1
0.2436 1
0.2444 1
0.2452 1
0.246 1
0.2468 1
0.2476 1
0.2484 1
0.2492 1
0.25 3
0.2508 3
0.2516 1
0.2524 1
0.2532 1
0.254 1
0.2548 1
0.2556 2
0.2564 2
0.2572 2
0.258 2
0.2588 2
0.2596 2
0.2604 2
0.2612 2
0.262 2
0.2628 2
0.2636 2
0.2644 2
0.2652 2
0.266 2
0.2668 2
0.2676 2
0.2684 2
0.2692 1
0.27 1
0.2708 1
0.2716 1
0.2724 1
0.2732 1
0.274 1
0.2748 1
0.2756 1
0.2764 1
0.2772 1
0.278 1
0.2788 1
0.2796 1
0.2804 1
0.2812 1
0.282 1
0.2828 3
0.2836 3
0.2844 3
0.2852 3
0.286 1
0.2868 1
0.2876 1
0.2884 1
0.2892 1
0.29 2
0.2908 2
0.2916 2
0.2924 2
0.2932 2
0.294 2
0.2948 2
0.2956 2
0.2964 2
0.2972 2
0.298 2
0.2988 2
0.2996 2
0.3004 2
0.3012 2
0.302 2
0.3028 2
0.3036 2
0.3044 1
0.3052 1
0.306 1
0.3068 1
0.3076 1
0.3084 1
0.3092 1
0.31 1
0.3108 1
0.3116 1
0.3124 1
0.3132 1
0.314 1
0.3148 1
0.3156 1
0.3164 1
0.3172 1
0.318 1
0.3188 3
0.3196 3
0.3204 3
0.3212 3
0.322 3
0.3228 3
0.3236 3
0.3244 3
0.3252 1
0.326 1
0.3268 1
0.3276 1
0.3284 1
0.3292 4
0.33 2
0.3308 2
0.3316 2
0.3324 2
0.3332 2
0.334 2
0.3348 2
0.3356 2
0.3364 2
0.3372 2
0.338 2
0.3388 2
0.3396 2
0.3404 2
0.3412 2
0.342 2
0.3428 2
0.3436 2
0.3444 2
0.3452 1
0.346 1
0.3468 1
0.3476 1
0.3484 1
0.3492 1
0.35 1
0.3508 1
0.3516 1
0.3524 1
0.3532 1
0.354 1
0.3548 1
0.3556 1
0.3564 1
0.3572 1
0.358 1
0.3588 1
0.3596 1
0.3604 3
0.3612 3
0.362 3
0.3628 3
0.3636 3
0.3644 3
0.3652 3
0.366 3
0.3668 3
0.3676 3
0.3684 3
0.3692 3
0.37 3
0.3708 3
0.3716 3
0.3724 3
0.3732 1
0.374 1
0.3748 1
0.3756 1
0.3764 1
0.3772 4
0.378 4
0.3788 2
0.3796 2
0.3804 2
0.3812 2
0.382 2
0.3828 2
0.3836 2
0.3844 2
0.3852 2
0.386 2
0.3868 2
0.3876 2
0.3884 2
0.3892 2
0.39 2
0.3908 2
0.3916 2
0.3924 2
0.3932 2
0.394 2
0.3948 1
0.3956 1
0.3964 1
0.3972 1
0.398 1
0.3988 1
0.3996 1
0.4004 1
0.4012 1
0.402 1
0.4028 1
0.4036 1
0.4044 1
0.4052 1
0.406 1
0.4068 1
0.4076 1
0.4084 1
0.4092 1
0.41 1
0.4108 3
0.4116 3
0.4124 3
0.4132 3
0.414 3
0.4148 3
0.4156 3
0.4164 3
0.4172 3
0.418 3
0.4188 3
0.4196 3
0.4204 3
0.4212 3
0.422 3
0.4228 3
0.4236 1
0.4244 1
0.4252 1
0.426 1
0.4268 1
0.4276 4
0.4284 4
0.4292 4
0.43 4
0.4308 2
0.4316 2
0.4324 2
0.4332 2
0.434 2
0.4348 2
0.4356 2
0.4364 2
0.4372 2
0.438 2
0.4388 2
0.4396 2
0.4404 2
0.4412 2
0.442 2
0.4428 5
0.4436 2
0.4444 2
0.4452 2
0.446 2
0.4468 2
0.4476 2
0.4484 1
0.4492 1
0.45 1
0.4508 1
0.4516 1
0.4524 1
0.4532 1
0.454 1
0.4548 1
0.4556 1
0.4564 1
0.4572 1
0.458 1
0.4588 1
0.4596 1
0.4604 1
0.4612 1
0.462 1
0.4628 1
0.4636 1
0.4644 1
0.4652 3
0.466 3
0.4668 3
0.4676 3
0.4684 3
0.4692 3
0.47 3
0.4708 3
0.4716 3
0.4724 3
0.4732 3
0.474 3
0.4748 3
0.4756 3
0.4764 3
0.4772 3
0.478 3
0.4788 1
0.4796 1
0.4804 1
0.4812 1
0.482 1
0.4828 4
0.4836 4
0.4844 4
0.4852 4
0.486 4
0.4868 4
0.4876 4
0.4884 4
0.4892 2
0.49 2
0.4908 2
0.4916 2
0.4924 2
0.4932 2
0.494 2
0.4948 2
0.4956 2
0.4964 2
0.4972 2
0.498 2
0.4988 2
0.4996 2
0.5004 2
0.5012 2
0.502 5
0.5028 5
0.5036 2
0.5044 2
0.5052 2
0.506 2
0.5068 2
0.5076 2
0.5084 1
0.5092 1
0.51 1
0.5108 1
0.5116 1
0.5124 1
0.5132 1
0.514 1
0.5148 1
0.5156 1
0.5164 1
0.5172 1
0.518 1
0.5188 1
0.5196 1
0.5204 1
0.5212 1
0.522 1
0.5228 1
0.5236 1
0.5244 1
0.5252 1
0.526 3
0.5268 3
0.5276 3
0.5284 3
0.5292 3
0.53 3
0.5308 3
0.5316 3
0.5324 3
0.5332 3
0.534 3
0.5348 3
0.5356 3
0.5364 3
0.5372 3
0.538 3
0.5388 3
0.5396 3
0.5404 1
0.5412 1
0.542 1
0.5428 1
0.5436 1
0.5444 4
0.5452 4
0.546 4
0.5468 4
0.5476 4
0.5484 4
0.5492 4
0.55 4
0.5508 4
0.5516 4
0.5524 4
0.5532 4
0.554 4
0.5548 4
0.5556 4
0.5564 4
0.5572 2
0.558 2
0.5588 2
0.5596 2
0.5604 2
0.5612 2
0.562 2
0.5628 2
0.5636 2
0.5644 2
0.5652 2
0.566 2
0.5668 2
0.5676 2
0.5684 2
0.5692 2
0.57 2
0.5708 5
0.5716 5
0.5724 5
0.5732 5
0.574 2
0.5748 2
0.5756 2
0.5764 2
0.5772 2
0.578 2
0.5788 1
0.5796 1
0.5804 1
0.5812 1
0.582 1
0.5828 1
0.5836 1
0.5844 1
0.5852 1
0.586 1
0.5868 1
0.5876 1
0.5884 1
0.5892 1
0.59 1
0.5908 1
0.5916 1
0.5924 1
0.5932 1
0.594 1
0.5948 1
0.5956 1
0.5964 1
0.5972 3
0.598 3
0.5988 3
0.5996 3
0.6004 3
0.6012 3
0.602 3
0.6028 3
0.6036 3
0.6044 3
0.6052 3
0.606 3
0.6068 3
0.6076 3
0.6084 3
0.6092 3
0.61 3
0.6108 3
0.6116 3
0.6124 1
0.6132 1
0.614 1
0.6148 1
0.6156 1
0.6164 4
0.6172 4
0.618 4
0.6188 4
0.6196 4
0.6204 4
0.6212 4
0.622 4
0.6228 4
0.6236 4
0.6244 4
0.6252 4
0.626 4
0.6268 4
0.6276 4
0.6284 4
0.6292 2
0.63 2
0.6308 2
0.6316 2
0.6324 2
0.6332 2
0.634 2
0.6348 2
0.6356 2
0.6364 2
0.6372 2
0.638 2
0.6388 2
0.6396 2
0.6404 2
0.6412 2
0.642 2
0.6428 2
0.6436 5
0.6444 5
0.6452 5
0.646 5
0.6468 5
0.6476 5
0.6484 5
0.6492 5
0.65 2
0.6508 2
0.6516 2
0.6524 2
0.6532 2
0.654 2
0.6548 1
0.6556 1
0.6564 1
0.6572 1
0.658 1
0.6588 1
0.6596 1
0.6604 1
0.6612 1
0.662 1
0.6628 1
0.6636 1
0.6644 1
0.6652 1
0.666 1
0.6668 1
0.6676 1
0.6684 1
0.6692 1
0.67 1
0.6708 1
0.6716 1
0.6724 1
0.6732 1
0.674 3
0.6748 3
0.6756 3
0.6764 3
0.6772 3
0.678 3
0.6788 3
0.6796 3
0.6804 3
0.6812 3
0.682 3
0.6828 3
0.6836 3
0.6844 3
0.6852 3
0.686 3
0.6868 3
0.6876 3
0.6884 3
0.6892 3
0.69 1
0.6908 1
0.6916 1
0.6924 1
0.6932 1
0.694 4
0.6948 4
0.6956 4
0.6964 4
0.6972 4
0.698 4
0.6988 4
0.6996 4
0.7004 4
0.7012 4
0.702 4
0.7028 4
0.7036 4
0.7044 4
0.7052 4
0.706 4
0.7068 4
0.7076 2
0.7084 2
0.7092 2
0.71 2
0.7108 2
0.7116 2
0.7124 2
0.7132 2
0.714 2
0.7148 2
0.7156 2
0.7164 2
0.7172 2
0.718 2
0.7188 2
0.7196 2
0.7204 2
0.7212 2
0.722 2
0.7228 5
0.7236 5
0.7244 5
0.7252 5
0.726 5
0.7268 5
0.7276 5
0.7284 5
0.7292 5
0.73 5
0.7308 5
0.7316 5
0.7324 5
0.7332 5
0.734 5
0.7348 5
0.7356 2
0.7364 2
0.7372 2
0.738 2
0.7388 2
0.7396 2
0.7404 1
0.7412 1
0.742 1
0.7428 1
0.7436 1
0.7444 1
0.7452 1
0.746 1
0.7468 1
0.7476 1
0.7484 1
0.7492 1
0.75 1
0.7508 1
0.7516 1
0.7524 1
0.7532 1
0.754 1
0.7548 1
0.7556 1
0.7564 1
0.7572 1
0.758 1
0.7588 1
0.7596 1
0.7604 3
0.7612 3
0.762 3
0.7628 3
0.7636 3
0.7644 3
0.7652 3
0.766 3
0.7668 3
0.7676 3
0.7684 3
0.7692 3
0.77 3
0.7708 3
0.7716 3
0.7724 3
0.7732 3
0.774 3
0.7748 3
0.7756 3
0.7764 3
0.7772 1
0.778 1
0.7788 1
0.7796 1
0.7804 1
0.7812 4
0.782 4
0.7828 4
0.7836 4
0.7844 4
0.7852 4
0.786 4
0.7868 4
0.7876 4
0.7884 4
0.7892 4
0.79 4
0.7908 4
0.7916 4
0.7924 4
0.7932 4
0.794 4
0.7948 4
0.7956 2
0.7964 2
0.7972 2
0.798 2
0.7988 2
0.7996 2
0.8004 2
0.8012 2
0.802 2
0.8028 2
0.8036 2
0.8044 2
0.8052 2
0.806 2
0.8068 2
0.8076 2
0.8084 2
0.8092 2
0.81 2
0.8108 2
0.8116 5
0.8124 5
0.8132 5
0.814 5
0.8148 5
0.8156 5
0.8164 5
0.8172 5
0.818 5
0.8188 5
0.8196 5
0.8204 5
0.8212 5
0.822 5
0.8228 5
0.8236 5
0.8244 2
0.8252 2
0.826 2
0.8268 2
0.8276 2
0.8284 2
0.8292 1
0.83 1
0.8308 1
0.8316 1
0.8324 1
0.8332 1
0.834 1
0.8348 1
0.8356 1
0.8364 1
0.8372 1
0.838 1
0.8388 1
0.8396 1
0.8404 1
0.8412 1
0.842 1
0.8428 1
0.8436 1
0.8444 1
0.8452 1
0.846 1
0.8468 1
0.8476 1
0.8484 1
0.8492 1
0.85 3
0.8508 3
0.8516 3
0.8524 3
0.8532 3
0.854 3
0.8548 3
0.8556 3
0.8564 3
0.8572 3
0.858 3
0.8588 3
0.8596 3
0.8604 3
0.8612 3
0.862 3
0.8628 3
0.8636 3
0.8644 3
0.8652 3
0.866 3
0.8668 3
0.8676 1
0.8684 1
0.8692 1
0.87 1
0.8708 1
0.8716 4
0.8724 4
0.8732 4
0.874 4
0.8748 4
0.8756 4
0.8764 4
0.8772 4
0.878 4
0.8788 4
0.8796 4
0.8804 4
0.8812 4
0.882 4
0.8828 4
0.8836 4
0.8844 4
0.8852 4
0.886 4
0.8868 2
0.8876 2
0.8884 2
0.8892 2
0.89 2
0.8908 2
0.8916 2
0.8924 2
0.8932 2
0.894 2
0.8948 2
0.8956 2
0.8964 2
0.8972 2
0.898 2
0.8988 2
0.8996 2
0.9004 2
0.9012 2
0.902 2
0.9028 2
0.9036 5
0.9044 5
0.9052 5
0.906 5
0.9068 5
0.9076 5
0.9084 5
0.9092 5
0.91 5
0.9108 5
0.9116 5
0.9124 5
0.9132 5
0.914 5
0.9148 5
0.9156 5
0.9164 5
0.9172 2
0.918 2
0.9188 2
0.9196 2
0.9204 2
0.9212 2
0.922 1
0.9228 1
0.9236 1
0.9244 1
0.9252 1
0.926 1
0.9268 1
0.9276 1
0.9284 1
0.9292 1
0.93 1
0.9308 1
0.9316 1
0.9324 1
0.9332 1
0.934 1
0.9348 1
0.9356 1
0.9364 1
0.9372 1
0.938 1
0.9388 1
0.9396 1
0.9404 1
0.9412 1
0.942 1
0.9428 1
0.9436 3
0.9444 3
0.9452 3
0.946 3
0.9468 3
0.9476 3
0.9484 3
0.9492 3
0.95 3
0.9508 3
0.9516 3
0.9524 3
0.9532 3
0.954 3
0.9548 3
0.9556 3
0.9564 3
0.9572 3
0.958 3
0.9588 3
0.9596 3
0.9604 3
0.9612 3
0.962 1
0.9628 1
0.9636 1
0.9644 1
0.9652 1
0.966 4
0.9668 4
0.9676 4
0.9684 4
0.9692 4
0.97 4
0.9708 4
0.9716 4
0.9724 4
0.9732 4
0.974 4
0.9748 4
0.9756 4
0.9764 4
0.9772 4
0.978 4
0.9788 4
0.9796 4
0.9804 4
0.9812 4
0.982 2
0.9828 2
0.9836 2
0.9844 2
0.9852 2
0.986 2
0.9868 2
0.9876 2
0.9884 2
0.9892 2
0.99 2
0.9908 2
0.9916 2
0.9924 2
0.9932 2
0.994 2
0.9948 2
0.9956 2
0.9964 2
0.9972 2
0.998 2
0.9988 2
0.9996 5
1.0004 5
1.0012 5
1.002 5
1.0028 5
1.0036 5
1.0044 5
1.0052 5
1.006 5
1.0068 5
1.0076 5
1.0084 5
1.0092 5
1.01 5
1.0108 5
1.0116 5
1.0124 5
1.0132 5
1.014 2
1.0148 2
1.0156 2
1.0164 2
1.0172 2
1.018 2
1.0188 1
1.0196 1
1.0204 1
1.0212 1
1.022 1
1.0228 1
1.0236 1
1.0244 1
1.0252 1
1.026 1
1.0268 1
1.0276 1
1.0284 1
1.0292 1
1.03 1
1.0308 1
1.0316 1
1.0324 1
1.0332 1
1.034 1
1.0348 1
1.0356 1
1.0364 1
1.0372 1
1.038 1
1.0388 1
1.0396 1
1.0404 1
1.0412 3
1.042 3
1.0428 3
1.0436 3
1.0444 3
1.0452 3
1.046 3
1.0468 3
1.0476 3
1.0484 3
1.0492 3
1.05 3
1.0508 3
1.0516 3
1.0524 3
1.0532 3
1.054 3
1.0548 3
1.0556 3
1.0564 3
1.0572 3
1.058 3
1.0588 3
1.0596 3
1.0604 1
1.0612 1
1.062 1
1.0628 1
1.0636 1
1.0644 4
1.0652 4
1.066 4
1.0668 4
1.0676 4
1.0684 4
1.0692 4
1.07 4
1.0708 4
1.0716 4
1.0724 4
1.0732 4
1.074 4
1.0748 4
1.0756 4
1.0764 4
1.0772 4
1.078 4
1.0788 4
1.0796 4
1.0804 4
1.0812 2
1.082 2
1.0828 2
1.0836 2
1.0844 2
1.0852 2
1.086 2
1.0868 2
1.0876 2
1.0884 2
1.0892 2
1.09 2
1.0908 2
1.0916 2
1.0924 2
1.0932 2
1.094 2
1.0948 2
1.0956 2
1.0964 2
1.0972 2
1.098 2
1.0988 2
1.0996 5
1.1004 5
1.1012 5
1.102 5
1.1028 5
1.1036 5
1.1044 5
1.1052 5
1.106 5
1.1068 5
1.1076 5
1.1084 5
1.1092 5
1.11 5
1.1108 5
1.1116 5
1.1124 5
1.1132 5
1.114 5
1.1148 2
1.1156 2
1.1164 2
1.1172 2
1.118 2
1.1188 2
1.1196 1
1.1204 1
1.1212 1
1.122 1
1.1228 1
1.1236 1
1.1244 1
1.1252 1
1.126 1
1.1268 1
1.1276 1
1.1284 1
1.1292 1
1.13 1
1.1308 1
1.1316 1
1.1324 1
1.1332 1
1.134 1
1.1348 1
1.1356 1
1.1364 1
1.1372 1
1.138 1
1.1388 1
1.1396 1
1.1404 1
1.1412 1
1.142 3
1.1428 3
1.1436 3
1.1444 3
1.1452 3
1.146 3
1.1468 3
1.1476 3
1.1484 3
1.1492 3
1.15 3
1.1508 3
1.1516 3
1.1524 3
1.1532 3
1.154 3
1.1548 3
1.1556 3
1.1564 3
1.1572 3
1.158 3
1.1588 3
1.1596 3
1.1604 3
1.1612 1
1.162 1
1.1628 1
1.1636 1
1.1644 1
1.1652 4
1.166 4
1.1668 4
1.1676 4
1.1684 4
1.1692 4
1.17 4
1.1708 4
1.1716 4
1.1724 4
1.1732 4
1.174 4
1.1748 4
1.1756 4
1.1764 4
1.1772 4
1.178 4
1.1788 4
1.1796 4
1.1804 4
1.1812 4
1.182 2
1.1828 2
1.1836 2
1.1844 2
1.1852 2
1.186 2
1.1868 2
1.1876 2
1.1884 2
1.1892 2
1.19 2
1.1908 2
1.1916 2
1.1924 2
1.1932 2
1.194 2
1.1948 2
1.1956 2
1.1964 2
1.1972 2
1.198 2
1.1988 2
1.1996 2
1.2004 5
1.2012 5
1.202 5
1.2028 5
1.2036 5
1.2044 5
1.2052 5
1.206 5
1.2068 5
1.2076 5
1.2084 5
1.2092 5
1.21 5
1.2108 5
1.2116 5
1.2124 5
1.2132 5
1.214 5
1.2148 5
1.2156 2
1.2164 2
1.2172 2
1.218 2
1.2188 2
1.2196 2
1.2204 1
1.2212 1
1.222 1
1.2228 1
1.2236 1
1.2244 1
1.2252 1
1.226 1
1.2268 1
1.2276 1
1.2284 1
1.2292 1
1.23 1
1.2308 1
1.2316 1
1.2324 1
1.2332 1
1.234 1
1.2348 1
1.2356 1
1.2364 1
1.2372 1
1.238 1
1.2388 3
1.2396 3
1.2404 3
1.2412 3
1.242 3
1.2428 3
1.2436 3
1.2444 3
1.2452 3
1.246 3
1.2468 3
1.2476 4
1.2484 4
1.2492 4
1.25 4
1.2508 4
1.2516 4
1.2524 4
1.2532 2
1.254 2
1.2548 2
1.2556 2
1.2564 2
1.2572 2
1.258 2
1.2588 2
1.2596 2
1.2604 2
1.2612 2
1.262 2
1.2628 2
1.2636 2
1.2644 2
1.2652 2
1.266 2
1.2668 5
1.2676 5
1.2684 5
1.2692 5
1.27 5
1.2708 1
1.2716 1
1.2724 3
1.2732 3
1.274 4
1.2748 4
1.2868 2
1.2876 2
1.2908 5
1.2916 5
1.2924 1
1.2932 1
1.294 1
1.2948 1
1.2956 3
1.2964 3
1.2972 3
1.298 3
1.2988 4
1.2996 4
1.3004 4
1.3012 4
1.3076 2
1.3084 2
1.3092 2
1.31 2
1.3116 5
1.3124 5
1.3132 5
1.314 5
1.3148 1
1.3156 1
1.3164 1
1.3172 1
1.318 1
1.3188 1
1.3196 1
1.3204 1
1.3212 3
1.322 3
1.3228 3
1.3236 3
1.3244 3
1.3252 3
1.326 3
1.3268 3
1.3276 4
1.3284 4
1.3292 4
1.33 4
1.3308 4
1.3316 4
1.3324 4
1.3332 4
1.334 2
1.3348 2
1.3356 2
1.3364 2
1.3372 2
1.338 2
1.3388 2
1.3396 2
1.3404 5
1.3412 5
1.342 5
1.3428 5
1.3436 5
1.3444 5
1.3452 5
1.346 5
1.3468 1
1.3476 1
1.3484 1
1.3492 1
1.35 1
1.3508 1
1.3516 1
1.3524 1
1.3532 1
1.354 1
1.3548 1
1.3556 1
1.3564 1
1.3572 1
1.358 1
1.3588 1
1.3596 3
1.3604 3
1.3612 3
1.362 3
1.3628 3
1.3636 3
1.3644 3
1.3652 3
1.366 3
1.3668 3
1.3676 3
1.3684 3
1.3692 3
1.37 4
1.3708 4
1.3716 4
1.3724 4
1.3732 4
1.374 4
1.3748 4
1.3756 4
1.3764 4
1.3772 4
1.378 4
1.3788 2
1.3796 2
1.3804 2
1.3812 2
1.382 2
1.3828 2
1.3836 2
1.3844 2
1.3852 2
1.386 2
1.3868 2
1.3876 2
1.3884 2
1.3892 2
1.39 2
1.3908 5
1.3916 5
1.3924 5
1.3932 5
1.394 5
1.3948 5
1.3956 5
1.3964 5
1.3972 5
1.398 5
1.3988 1
1.3996 1
1.4004 1
1.4012 1
1.402 1
1.4028 1
1.4036 1
1.4044 1
1.4052 1
1.406 1
1.4068 1
1.4076 1
1.4084 1
1.4092 1
1.41 1
1.4108 1
1.4116 1
1.4124 3
1.4132 3
1.414 3
1.4148 3
1.4156 3
1.4164 3
1.4172 3
1.418 3
1.4188 3
1.4196 3
1.4204 3
1.4212 3
1.422 3
1.4228 3
1.4236 4
1.4244 4
1.4252 4
1.426 4
1.4268 4
1.4276 4
1.4284 4
1.4292 4
1.43 4
1.4308 4
1.4316 4
1.4324 4
1.4332 2
1.434 2
1.4348 2
1.4356 2
1.4364 2
1.4372 2
1.438 2
1.4388 2
1.4396 2
1.4404 2
1.4412 2
1.442 2
1.4428 2
1.4436 2
1.4444 2
1.4452 2
1.446 5
1.4468 5
1.4476 5
1.4484 5
1.4492 5
1.45 5
1.4508 5
1.4516 5
1.4524 5
1.4532 5
1.454 5
1.4548 1
1.4556 1
1.4564 1
1.4572 1
1.458 1
1.4588 1
1.4596 1
1.4604 1
1.4612 1
1.462 1
1.4628 1
1.4636 1
1.4644 1
1.4652 1
1.466 1
1.4668 1
1.4676 1
1.4684 1
1.4692 3
1.47 3
1.4708 3
1.4716 3
1.4724 3
1.4732 3
1.474 3
1.4748 3
1.4756 3
1.4764 3
1.4772 3
1.478 3
1.4788 3
1.4796 3
1.4804 3
1.4812 4
1.482 4
1.4828 4
1.4836 4
1.4844 4
1.4852 4
1.486 4
1.4868 4
1.4876 4
1.4884 4
1.4892 4
1.49 4
1.4908 4
1.4916 2
1.4924 2
1.4932 2
1.494 2
1.4948 2
1.4956 2
1.4964 2
1.4972 2
1.498 2
1.4988 2
1.4996 2
1.5004 2
1.5012 2
1.502 2
1.5028 2
1.5036 2
1.5044 2
1.5052 5
1.506 5
1.5068 5
1.5076 5
1.5084 5
1.5092 5
1.51 5
1.5108 5
1.5116 5
1.5124 5
1.5132 5
1.514 5
1.5148 1
1.5156 1
1.5164 1
1.5172 1
1.518 1
1.5188 1
1.5196 1
1.5204 1
1.5212 1
1.522 1
1.5228 1
1.5236 1
1.5244 1
1.5252 1
1.526 1
1.5268 1
1.5276 1
1.5284 1
1.5292 1
1.53 3
1.5308 3
1.5316 3
1.5324 3
1.5332 3
1.534 3
1.5348 3
1.5356 3
1.5364 3
1.5372 3
1.538 3
1.5388 3
1.5396 3
1.5404 3
1.5412 3
1.542 3
1.5428 4
1.5436 4
1.5444 4
1.5452 4
1.546 4
1.5468 4
1.5476 4
1.5484 4
1.5492 4
1.55 4
1.5508 4
1.5516 4
1.5524 4
1.5532 4
1.554 2
1.5548 2
1.5556 2
1.5564 2
1.5572 2
1.558 2
1.5588 2
1.5596 2
1.5604 2
1.5612 2
1.562 2
1.5628 2
1.5636 2
1.5644 2
1.5652 2
1.566 2
1.5668 2
1.5676 2
1.5684 5
1.5692 5
1.57 5
1.5708 5
1.5716 5
1.5724 5
1.5732 5
1.574 5
1.5748 5
1.5756 5
1.5764 5
1.5772 5
1.578 5
1.5788 1
1.5796 1
1.5804 1
1.5812 1
1.582 1
1.5828 1
1.5836 1
1.5844 1
1.5852 1
1.586 1
1.5868 1
1.5876 1
1.5884 1
1.5892 1
1.59 1
1.5908 1
1.5916 1
1.5924 1
1.5932 1
1.594 1
1.5948 3
1.5956 3
1.5964 3
1.5972 3
1.598 3
1.5988 3
1.5996 3
1.6004 3
1.6012 3
1.602 3
1.6028 3
1.6036 3
1.6044 3
1.6052 3
1.606 3
1.6068 3
1.6076 3
1.6084 4
1.6092 4
1.61 4
1.6108 4
1.6116 4
1.6124 4
1.6132 4
1.614 4
1.6148 4
1.6156 4
1.6164 4
1.6172 4
1.618 4
1.6188 4
1.6196 4
1.6204 2
1.6212 2
1.622 2
1.6228 2
1.6236 2
1.6244 2
1.6252 2
1.626 2
1.6268 2
1.6276 2
1.6284 2
1.6292 2
1.63 2
1.6308 2
1.6316 2
1.6324 2
1.6332 2
1.634 2
1.6348 2
1.6356 5
1.6364 5
1.6372 5
1.638 5
1.6388 5
1.6396 5
1.6404 5
1.6412 5
1.642 5
1.6428 5
1.6436 5
1.6444 5
1.6452 5
1.646 5
1.6468 1
1.6476 1
1.6484 1
1.6492 1
1.65 1
1.6508 1
1.6516 1
1.6524 1
1.6532 1
1.654 1
1.6548 1
1.6556 1
1.6564 1
1.6572 1
1.658 1
1.6588 1
1.6596 1
1.6604 1
1.6612 1
1.662 1
1.6628 1
1.6636 3
1.6644 3
1.6652 3
1.666 3
1.6668 3
1.6676 3
1.6684 3
1.6692 3
1.67 3
1.6708 3
1.6716 3
1.6724 3
1.6732 3
1.674 3
1.6748 3
1.6756 3
1.6764 3
1.6772 3
1.678 4
1.6788 4
1.6796 4
1.6804 4
1.6812 4
1.682 4
1.6828 4
1.6836 4
1.6844 4
1.6852 4
1.686 4
1.6868 4
1.6876 4
1.6884 4
1.6892 4
1.69 4
1.6908 2
1.6916 2
1.6924 2
1.6932 2
1.694 2
1.6948 2
1.6956 2
1.6964 2
1.6972 2
1.698 2
1.6988 2
1.6996 2
1.7004 2
1.7012 2
1.702 2
1.7028 2
1.7036 2
1.7044 2
1.7052 2
1.706 2
1.7068 5
1.7076 5
1.7084 5
1.7092 5
1.71 5
1.7108 5
1.7116 5
1.7124 5
1.7132 5
1.714 5
1.7148 5
1.7156 5
1.7164 5
1.7172 5
1.718 5
1.7188 1
1.7196 1
1.7204 1
1.7212 1
1.722 1
1.7228 1
1.7236 1
1.7244 1
1.7252 1
1.726 1
1.7268 1
1.7276 1
1.7284 1
1.7292 1
1.73 1
1.7308 1
1.7316 1
1.7324 1
1.7332 1
1.734 1
1.7348 1
1.7356 1
1.7364 3
1.7372 3
1.738 3
1.7388 3
1.7396 3
1.7404 3
1.7412 3
1.742 3
1.7428 3
1.7436 3
1.7444 3
1.7452 3
1.746 3
1.7468 3
1.7476 3
1.7484 3
1.7492 3
1.75 3
1.7508 3
1.7516 4
1.7524 4
1.7532 4
1.754 4
1.7548 4
1.7556 4
1.7564 4
1.7572 4
1.758 4
1.7588 4
1.7596 4
1.7604 4
1.7612 4
1.762 4
1.7628 4
1.7636 4
1.7644 4
1.7652 2
1.766 2
1.7668 2
1.7676 2
1.7684 2
1.7692 2
1.77 2
1.7708 2
1.7716 2
1.7724 2
1.7732 2
1.774 2
1.7748 2
1.7756 2
1.7764 2
1.7772 2
1.778 2
1.7788 2
1.7796 2
1.7804 2
1.7812 2
1.782 5
1.7828 5
1.7836 5
1.7844 5
1.7852 5
1.786 5
1.7868 5
1.7876 5
1.7884 5
1.7892 5
1.79 5
1.7908 5
1.7916 5
1.7924 5
1.7932 5
1.794 5
1.7948 1
1.7956 1
1.7964 1
1.7972 1
1.798 1
1.7988 1
1.7996 1
1.8004 1
1.8012 1
1.802 1
1.8028 1
1.8036 1
1.8044 1
1.8052 1
1.806 1
1.8068 1
1.8076 1
1.8084 1
1.8092 1
1.81 1
1.8108 1
1.8116 1
1.8124 1
1.8132 3
1.814 3
1.8148 3
1.8156 3
1.8164 3
1.8172 3
1.818 3
1.8188 3
1.8196 3
1.8204 3
1.8212 3
1.822 3
1.8228 3
1.8236 3
1.8244 3
1.8252 3
1.826 3
1.8268 3
1.8276 3
1.8284 3
1.8292 4
1.83 4
1.8308 4
1.8316 4
1.8324 4
1.8332 4
1.834 4
1.8348 4
1.8356 4
1.8364 4
1.8372 4
1.838 4
1.8388 4
1.8396 4
1.8404 4
1.8412 4
1.842 4
1.8428 4
1.8436 2
1.8444 2
1.8452 2
1.846 2
1.8468 2
1.8476 2
1.8484 2
1.8492 2
1.85 2
1.8508 2
1.8516 2
1.8524 2
1.8532 2
1.854 2
1.8548 2
1.8556 2
1.8564 2
1.8572 2
1.858 2
1.8588 2
1.8596 2
1.8604 5
1.8612 5
1.862 5
1.8628 5
1.8636 5
1.8644 5
1.8652 5
1.866 5
1.8668 5
1.8676 5
1.8684 5
1.8692 5
1.87 5
1.8708 5
1.8716 5
1.8724 5
1.8732 5
1.874 1
1.8748 1
1.8756 1
1.8764 1
1.8772 1
1.878 1
1.8788 1
1.8796 1
1.8804 1
1.8812 1
1.882 1
1.8828 1
1.8836 1
1.8844 1
1.8852 1
1.886 1
1.8868 1
1.8876 1
1.8884 1
1.8892 1
1.89 1
1.8908 1
1.8916 1
1.8924 1
1.8932 3
1.894 3
1.8948 3
1.8956 3
1.8964 3
1.8972 3
1.898 3
1.8988 3
1.8996 3
1.9004 3
1.9012 3
1.902 3
1.9028 3
1.9036 3
1.9044 3
1.9052 3
1.906 3
1.9068 3
1.9076 3
1.9084 3
1.9092 3
1.91 4
1.9108 4
1.9116 4
1.9124 4
1.9132 4
1.914 4
1.9148 4
1.9156 4
1.9164 4
1.9172 4
1.918 4
1.9188 4
1.9196 4
1.9204 4
1.9212 4
1.922 4
1.9228 4
1.9236 4
1.9244 4
1.9252 2
1.926 2
1.9268 2
1.9276 2
1.9284 2
1.9292 2
1.93 2
1.9308 2
1.9316 2
1.9324 2
1.9332 2
1.934 2
1.9348 2
1.9356 2
1.9364 2
1.9372 2
1.938 2
1.9388 2
1.9396 2
1.9404 2
1.9412 2
1.942 2
1.9428 5
1.9436 5
1.9444 5
1.9452 5
1.946 5
1.9468 5
1.9476 5
1.9484 5
1.9492 5
1.95 5
1.9508 5
1.9516 5
1.9524 5
1.9532 5
1.954 5
1.9548 5
1.9556 5
1.9564 5
1.9572 1
1.958 1
1.9588 1
1.9596 1
1.9604 1
1.9612 1
1.962 1
1.9628 1
1.9636 1
1.9644 1
1.9652 1
1.966 1
1.9668 1
1.9676 1
1.9684 1
1.9692 1
1.97 1
1.9708 1
1.9716 1
1.9724 1
1.9732 1
1.974 1
1.9748 1
1.9756 1
1.9764 1
1.9772 3
1.978 3
1.9788 3
1.9796 3
1.9804 3
1.9812 3
1.982 3
1.9828 3
1.9836 3
1.9844 3
1.9852 3
1.986 3
1.9868 3
1.9876 3
1.9884 3
1.9892 3
1.99 3
1.9908 3
1.9916 3
1.9924 3
1.9932 3
1.994 3
1.9948 4
1.9956 4
1.9964 4
1.9972 4
1.998 4
1.9988 4
1.9996 4
2.0004 4
2.0012 4
2.002 4
2.0028 4
2.0036 4
2.0044 4
2.0052 4
2.006 4
2.0068 4
2.0076 4
2.0084 4
2.0092 4
2.01 4
2.0108 2
2.0116 2
2.0124 2
2.0132 2
2.014 2
2.0148 2
2.0156 2
2.0164 2
2.0172 2
2.018 2
2.0188 2
2.0196 2
2.0204 2
2.0212 2
2.022 2
2.0228 2
2.0236 2
2.0244 2
2.0252 2
2.026 2
2.0268 2
2.0276 2
2.0284 2
2.0292 5
2.03 5
2.0308 5
2.0316 5
2.0324 5
2.0332 5
2.034 5
2.0348 5
2.0356 5
2.0364 5
2.0372 5
2.038 5
2.0388 5
2.0396 5
2.0404 5
2.0412 5
2.042 5
2.0428 5
2.0436 5
2.0444 1
2.0452 1
2.046 1
2.0468 1
2.0476 1
2.0484 1
2.0492 1
2.05 1
2.0508 1
2.0516 1
2.0524 1
2.0532 1
2.054 1
2.0548 1
2.0556 1
2.0564 1
2.0572 1
2.058 1
2.0588 1
2.0596 1
2.0604 1
2.0612 1
2.062 1
2.0628 1
2.0636 1
2.0644 1
2.0652 3
2.066 3
2.0668 3
2.0676 3
2.0684 3
2.0692 3
2.07 3
2.0708 3
2.0716 3
2.0724 3
2.0732 3
2.074 3
2.0748 3
2.0756 3
2.0764 3
2.0772 3
2.078 3
2.0788 3
2.0796 3
2.0804 3
2.0812 3
2.082 3
2.0828 3
2.0836 4
2.0844 4
2.0852 4
2.086 4
2.0868 4
2.0876 4
2.0884 4
2.0892 4
2.09 4
2.0908 4
2.0916 4
2.0924 4
2.0932 4
2.094 4
2.0948 4
2.0956 4
2.0964 4
2.0972 4
2.098 4
2.0988 4
2.0996 4
2.1004 2
2.1012 2
2.102 2
2.1028 2
2.1036 2
2.1044 2
2.1052 2
2.106 2
2.1068 2
2.1076 2
2.1084 2
2.1092 2
2.11 2
2.1108 2
2.1116 2
2.1124 2
2.1132 2
2.114 2
2.1148 2
2.1156 2
2.1164 2
2.1172 2
2.118 2
2.1188 2
2.1196 5
2.1204 5
2.1212 5
2.122 5
2.1228 5
2.1236 5
2.1244 5
2.1252 5
2.126 5
2.1268 5
2.1276 5
2.1284 5
2.1292 5
2.13 5
2.1308 5
2.1316 5
2.1324 5
2.1332 5
2.134 5
2.1348 5
2.1356 1
2.1364 1
2.1372 1
2.138 1
2.1388 1
2.1396 1
2.1404 1
2.1412 1
2.142 1
2.1428 1
2.1436 1
2.1444 1
2.1452 1
2.146 1
2.1468 1
2.1476 1
2.1484 1
2.1492 1
2.15 1
2.1508 1
2.1516 1
2.1524 1
2.1532 1
2.154 1
2.1548 1
2.1556 1
2.1564 1
2.1572 3
2.158 3
2.1588 3
2.1596 3
2.1604 3
2.1612 3
2.162 3
2.1628 3
2.1636 3
2.1644 3
2.1652 3
2.166 3
2.1668 3
2.1676 3
2.1684 3
2.1692 3
2.17 3
2.1708 3
2.1716 3
2.1724 3
2.1732 3
2.174 3
2.1748 3
2.1756 3
2.1764 4
2.1772 4
2.178 4
2.1788 4
2.1796 4
2.1804 4
2.1812 4
2.182 4
2.1828 4
2.1836 4
2.1844 4
2.1852 4
2.186 4
2.1868 4
2.1876 4
2.1884 4
2.1892 4
2.19 4
2.1908 4
2.1916 4
2.1924 4
2.1932 4
2.194 2
2.1948 2
2.1956 2
2.1964 2
2.1972 2
2.198 2
2.1988 2
2.1996 2
2.2004 2
2.2012 2
2.202 2
2.2028 2
2.2036 2
2.2044 2
2.2052 2
2.206 2
2.2068 2
2.2076 2
2.2084 2
2.2092 2
2.21 2
2.2108 2
2.2116 2
2.2124 2
2.2132 2
2.214 5
2.2148 5
2.2156 5
2.2164 5
2.2172 5
2.218 5
2.2188 5
2.2196 5
2.2204 5
2.2212 5
2.222 5
2.2228 5
2.2236 5
2.2244 5
2.2252 5
2.226 5
2.2268 5
2.2276 5
2.2284 5
2.2292 5
2.23 5
2.2308 1
2.2316 1
2.2324 1
2.2332 1
2.234 1
2.2348 1
2.2356 1
2.2364 1
2.2372 1
2.238 1
2.2388 1
2.2396 1
2.2404 1
2.2412 1
2.242 1
2.2428 1
2.2436 1
2.2444 1
2.2452 1
2.246 1
2.2468 1
2.2476 1
2.2484 1
2.2492 1
2.25 1
2.2508 1
2.2516 1
2.2524 1
2.2532 3
2.254 3
2.2548 3
2.2556 3
2.2564 3
2.2572 3
2.258 3
2.2588 3
2.2596 3
2.2604 3
2.2612 3
2.262 3
2.2628 3
2.2636 3
2.2644 3
2.2652 3
2.266 3
2.2668 3
2.2676 3
2.2684 3
2.2692 3
2.27 3
2.2708 3
2.2716 3
2.2724 3
2.2732 4
2.274 4
2.2748 4
2.2756 4
2.2764 4
2.2772 4
2.278 4
2.2788 4
2.2796 4
2.2804 4
2.2812 4
2.282 4
2.2828 4
2.2836 4
2.2844 4
2.2852 4
2.286 4
2.2868 4
2.2876 4
2.2884 4
2.2892 4
2.29 4
2.2908 4
2.2916 2
2.2924 2
2.2932 2
2.294 2
2.2948 2
2.2956 2
2.2964 2
2.2972 2
2.298 2
2.2988 2
2.2996 2
2.3004 2
2.3012 2
2.302 2
2.3028 2
2.3036 2
2.3044 2
2.3052 2
2.306 2
2.3068 2
2.3076 2
2.3084 2
2.3092 2
2.31 2
2.3108 2
2.3116 2
2.3124 5
2.3132 5
2.314 5
2.3148 5
2.3156 5
2.3164 5
2.3172 5
2.318 5
2.3188 5
2.3196 5
2.3204 5
2.3212 5
2.322 5
2.3228 5
2.3236 5
2.3244 5
2.3252 5
2.326 5
2.3268 5
2.3276 5
2.3284 5
2.3292 5
2.33 1
2.3308 1
2.3316 1
2.3324 1
2.3332 1
2.334 1
2.3348 1
2.3356 1
2.3364 1
2.3372 1
2.338 1
2.3388 1
2.3396 1
2.3404 1
2.3412 1
2.342 1
2.3428 1
2.3436 1
2.3444 1
2.3452 1
2.346 1
2.3468 1
2.3476 1
2.3484 1
2.3492 1
2.35 1
2.3508 1
2.3516 1
2.3524 1
2.3532 3
2.354 3
2.3548 3
2.3556 3
2.3564 3
2.3572 3
2.358 3
2.3588 3
2.3596 3
2.3604 3
2.3612 3
2.362 3
2.3628 3
2.3636 3
2.3644 3
2.3652 3
2.366 3
2.3668 3
2.3676 3
2.3684 3
2.3692 3
2.37 3
2.3708 3
2.3716 3
2.3724 3
2.3732 3
2.374 4
2.3748 4
2.3756 4
2.3764 4
2.3772 4
2.378 4
2.3788 4
2.3796 4
2.3804 4
2.3812 4
2.382 4
2.3828 4
2.3836 4
2.3844 4
2.3852 4
2.386 4
2.3868 4
2.3876 4
2.3884 4
2.3892 4
2.39 4
2.3908 4
2.3916 4
2.3924 2
2.3932 2
2.394 2
2.3948 2
2.3956 2
2.3964 2
2.3972 2
2.398 2
2.3988 2
2.3996 2
2.4004 2
2.4012 2
2.402 2
2.4028 2
2.4036 2
2.4044 2
2.4052 2
2.406 2
2.4068 2
2.4076 2
2.4084 2
2.4092 2
2.41 2
2.4108 2
2.4116 2
2.4124 2
2.4132 5
2.414 5
2.4148 5
2.4156 5
2.4164 5
2.4172 5
2.418 5
2.4188 5
2.4196 5
2.4204 5
2.4212 5
2.422 5
2.4228 5
2.4236 5
2.4244 5
2.4252 5
2.426 5
2.4268 5
2.4276 5
2.4284 5
2.4292 5
2.43 5
2.4308 1
2.4316 1
2.4324 1
2.4332 1
2.434 1
2.4348 1
2.4356 1
2.4364 1
2.4372 1
2.438 1
2.4388 1
2.4396 1
2.4404 1
2.4412 1
2.442 1
2.4428 1
2.4436 1
2.4444 1
2.4452 1
2.446 1
2.4468 1
2.4476 1
2.4484 1
2.4492 1
2.45 1
2.4508 1
2.4516 1
2.4524 1
2.4532 1
2.454 3
2.4548 3
2.4556 3
2.4564 3
2.4572 3
2.458 3
2.4588 3
2.4596 3
2.4604 3
2.4612 3
2.462 3
2.4628 3
2.4636 3
2.4644 3
2.4652 3
2.466 3
2.4668 3
2.4676 3
2.4684 3
2.4692 3
2.47 3
2.4708 3
2.4716 3
2.4724 3
2.4732 3
2.474 3
2.4748 4
2.4756 4
2.4764 4
2.4772 4
2.478 4
2.4788 4
2.4796 4
2.4804 4
2.4812 4
2.482 4
2.4828 4
2.4836 4
2.4844 4
2.4852 4
2.486 4
2.4868 4
2.4876 4
2.4884 4
2.4892 4
2.49 4
2.4908 4
2.4916 2
2.4924 2
2.4932 2
2.494 2
2.4948 2
2.4956 2
2.4964 2
2.4972 2
2.498 5
2.4988 5
2.4996 5
2.5004 5
2.5012 5
2.502 5
2.5028 5
2.5036 5
2.5044 5
2.5052 5
2.506 5
2.5068 5
2.5076 5
2.5084 5
2.5092 5
2.51 5
2.5108 5
2.5116 5
2.5124 5
2.5132 1
2.514 1
2.5148 1
2.5156 1
2.5164 1
2.5172 1
2.518 1
2.5188 1
2.5196 1
2.5204 1
2.5212 1
2.522 1
2.5228 1
2.5236 1
2.5244 1
2.5252 1
2.526 1
2.5268 1
2.5276 3
2.5284 3
2.5292 3
2.53 3
2.5308 3
2.5316 3
2.5324 3
2.5332 3
2.534 3
2.5348 3
2.5356 3
2.5364 3
2.5372 3
2.538 3
2.5388 3
2.5396 3
2.5404 3
2.5412 3
2.542 3
2.5428 3
2.5436 3
2.5444 3
2.5452 3
2.546 3
2.5468 3
2.5476 3
2.5484 4
2.5492 4
2.55 2
2.5508 2
2.5516 5
2.5524 5
2.5532 1
2.554 1
2.5548 3
2.5692 4
2.57 4
2.5708 4
2.5716 4
2.5724 2
2.5732 2
2.574 2
2.5748 2
2.5756 5
2.5764 5
2.5772 5
2.578 5
2.5788 1
2.5796 1
2.5804 1
2.5812 1
2.582 3
2.5828 3
2.59 4
2.5908 4
2.5916 4
2.5924 4
2.5932 4
2.594 4
2.5948 4
2.5956 4
2.5964 2
2.5972 2
2.598 2
2.5988 2
2.5996 2
2.6004 2
2.6012 2
2.602 2
2.6028 5
2.6036 5
2.6044 5
2.6052 5
2.606 5
2.6068 5
2.6076 5
2.6084 5
2.6092 1
2.61 1
2.6108 1
2.6116 1
2.6124 1
2.6132 1
2.614 1
2.6148 1
2.6156 3
2.6164 3
2.6172 3
2.618 3
2.6188 4
2.6196 4
2.6204 4
2.6212 4
2.622 4
2.6228 4
2.6236 4
2.6244 4
2.6252 4
2.626 4
2.6268 4
2.6276 4
2.6284 2
2.6292 2
2.63 2
2.6308 2
2.6316 2
2.6324 2
2.6332 2
2.634 2
2.6348 2
2.6356 2
2.6364 2
2.6372 2
2.638 2
2.6388 2
2.6396 5
2.6404 5
2.6412 5
2.642 5
2.6428 5
2.6436 5
2.6444 5
2.6452 5
2.646 5
2.6468 5
2.6476 5
2.6484 5
2.6492 1
2.65 1
2.6508 1
2.6516 1
2.6524 1
2.6532 1
2.654 1
2.6548 1
2.6556 1
2.6564 1
2.6572 1
2.658 1
2.6588 1
2.6596 1
2.6604 1
2.6612 3
2.662 3
2.6628 3
2.6636 3
2.6644 3
2.6652 3
2.666 3
2.6668 3
2.6676 4
2.6684 4
2.6692 4
2.67 4
2.6708 4
2.6716 4
2.6724 4
2.6732 4
2.674 4
2.6748 4
2.6756 4
2.6764 4
2.6772 4
2.678 2
2.6788 2
2.6796 2
2.6804 2
2.6812 2
2.682 2
2.6828 2
2.6836 2
2.6844 2
2.6852 2
2.686 2
2.6868 2
2.6876 2
2.6884 2
2.6892 2
2.69 5
2.6908 5
2.6916 5
2.6924 5
2.6932 5
2.694 5
2.6948 5
2.6956 5
2.6964 5
2.6972 5
2.698 5
2.6988 5
2.6996 5
2.7004 1
2.7012 1
2.702 1
2.7028 1
2.7036 1
2.7044 1
2.7052 1
2.706 1
2.7068 1
2.7076 1
2.7084 1
2.7092 1
2.71 1
2.7108 1
2.7116 1
2.7124 1
2.7132 3
2.714 3
2.7148 3
2.7156 3
2.7164 3
2.7172 3
2.718 3
2.7188 3
2.7196 3
2.7204 3
2.7212 3
2.722 3
2.7228 3
2.7236 3
2.7244 4
2.7252 4
2.726 4
2.7268 4
2.7276 4
2.7284 4
2.7292 4
2.73 4
2.7308 4
2.7316 4
2.7324 4
2.7332 4
2.734 4
2.7348 4
2.7356 2
2.7364 2
2.7372 2
2.738 2
2.7388 2
2.7396 2
2.7404 2
2.7412 2
2.742 2
2.7428 2
2.7436 2
2.7444 2
2.7452 2
2.746 2
2.7468 2
2.7476 2
2.7484 5
2.7492 5
2.75 5
2.7508 5
2.7516 5
2.7524 5
2.7532 5
2.754 5
2.7548 5
2.7556 5
2.7564 5
2.7572 5
2.758 5
2.7588 5
2.7596 1
2.7604 1
2.7612 1
2.762 1
2.7628 1
2.7636 1
2.7644 1
2.7652 1
2.766 1
2.7668 1
2.7676 1
2.7684 1
2.7692 1
2.77 1
2.7708 1
2.7716 1
2.7724 1
2.7732 3
2.774 3
2.7748 3
2.7756 3
2.7764 3
2.7772 3
2.778 3
2.7788 3
2.7796 3
2.7804 3
2.7812 3
2.782 3
2.7828 3
2.7836 3
2.7844 3
2.7852 4
2.786 4
2.7868 4
2.7876 4
2.7884 4
2.7892 4
2.79 4
2.7908 4
2.7916 4
2.7924 4
2.7932 4
2.794 4
2.7948 4
2.7956 4
2.7964 4
2.7972 2
2.798 2
2.7988 2
2.7996 2
2.8004 2
2.8012 2
2.802 2
2.8028 2
2.8036 2
2.8044 2
2.8052 2
2.806 2
2.8068 2
2.8076 2
2.8084 2
2.8092 2
2.81 2
2.8108 5
2.8116 5
2.8124 5
2.8132 5
2.814 5
2.8148 5
2.8156 5
2.8164 5
2.8172 5
2.818 5
2.8188 5
2.8196 5
2.8204 5
2.8212 5
2.822 5
2.8228 1
2.8236 1
2.8244 1
2.8252 1
2.826 1
2.8268 1
2.8276 1
2.8284 1
2.8292 1
2.83 1
2.8308 1
2.8316 1
2.8324 1
2.8332 1
2.834 1
2.8348 1
2.8356 1
2.8364 1
2.8372 3
2.838 3
2.8388 3
2.8396 3
2.8404 3
2.8412 3
2.842 3
2.8428 3
2.8436 3
2.8444 3
2.8452 3
2.846 3
2.8468 3
2.8476 3
2.8484 3
2.8492 3
2.85 4
2.8508 4
2.8516 4
2.8524 4
2.8532 4
2.854 4
2.8548 4
2.8556 4
2.8564 4
2.8572 4
2.858 4
2.8588 4
2.8596 4
2.8604 4
2.8612 4
2.862 4
2.8628 2
2.8636 2
2.8644 2
2.8652 2
2.866 2
2.8668 2
2.8676 2
2.8684 2
2.8692 2
2.87 2
2.8708 2
2.8716 2
2.8724 2
2.8732 2
2.874 2
2.8748 2
2.8756 2
2.8764 2
2.8772 5
2.878 5
2.8788 5
2.8796 5
2.8804 5
2.8812 5
2.882 5
2.8828 5
2.8836 5
2.8844 5
2.8852 5
2.886 5
2.8868 5
2.8876 5
2.8884 5
2.8892 5
2.89 1
2.8908 1
2.8916 1
2.8924 1
2.8932 1
2.894 1
2.8948 1
2.8956 1
2.8964 1
2.8972 1
2.898 1
2.8988 1
2.8996 1
2.9004 1
2.9012 1
2.902 1
2.9020008 1
2.9028008 3
2.9036008 3
2.9044008 3
2.9052008 3
2.9060008 3
2.9068008 3
2.9076008 3
2.9084008 3
2.9092008 3
2.9100008 3
2.9108008 3
2.9116008 3
2.9124008 3
2.9132008 3
2.9140008 3
2.9148008 3
2.9156008 3
2.9164008 4
2.9172008 4
2.9180008 4
2.9188008 4
2.9196008 4
2.9204008 4
2.9212008 4
2.9220008 4
2.9228008 4
2.9236008 4
2.9244008 4
2.9252008 4
2.9260008 4
2.9268008 4
2.9276008 4
2.9284008 4
2.9292008 4
2.9300008 2
2.9308008 2
2.9316008 2
2.9324008 2
2.9332008 2
2.9340008 2
2.9348008 2
2.9356008 2
2.9364008 2
2.9372008 2
2.9380008 2
2.9388008 2
2.9396008 2
2.9404008 2
2.9412008 2
2.9420008 2
2.9428008 2
2.9436008 2
2.9444008 2
2.9452008 5
2.9460008 5
2.9468008 5
2.9476008 5
2.9484008 5
2.9492008 5
2.9500008 5
2.9508008 5
2.9516008 5
2.9524008 5
2.9532008 5
2.9540008 5
2.9548008 5
2.9556008 5
2.9564008 5
2.9572008 5
2.9580008 5
2.9588008 3
2.9596008 3
2.9604008 3
2.9612008 3
2.9620008 3
2.9628008 3
2.9636008 3
2.9644008 3
2.9652008 3
2.9660008 3
2.9668008 3
2.9676008 3
2.9684008 3
2.9692008 3
2.9700008 3
2.9708008 3
2.9716008 3
2.9724008 3
2.9732008 4
2.9740008 4
2.9748008 4
2.9756008 4
2.9764008 4
2.9772008 4
2.9780008 4
2.9788008 4
2.9796008 4
2.9804008 4
2.9812008 4
2.9820008 4
2.9828008 4
2.9836008 4
2.9844008 4
2.9852008 4
2.9860008 4
2.9868008 4
2.9876008 2
2.9884008 2
2.9892008 2
2.9900008 2
2.9908008 2
2.9916008 2
2.9924008 2
2.9932008 2
2.9940008 2
2.9948008 2
2.9956008 2
2.9964008 2
2.9972008 2
2.9980008 2
2.9988008 2
2.9996008 2
3.0004008 2
3.0012008 2
3.0020008 2
3.0028008 2
3.0036008 5
3.0044008 5
3.0052008 5
3.0060008 5
3.0068008 5
3.0076008 5
3.0084008 5
3.0092008 5
3.0100008 5
3.0108008 5
3.0116008 5
3.0124008 5
3.0132008 5
3.0140008 5
3.0148008 5
3.0156008 5
3.0164008 5
3.0172008 5
3.0180008 3
3.0188008 3
3.0196008 3
3.0204008 3
3.0212008 3
3.0220008 3
3.0228008 3
3.0236008 3
3.0244008 3
3.0252008 3
3.0260008 3
3.0268008 3
3.0276008 3
3.0284008 3
3.0292008 3
3.0300008 3
3.0308008 3
3.0316008 3
3.0324008 3
3.0332008 4
3.0340008 4
3.0348008 4
3.0356008 4
3.0364008 4
3.0372008 4
3.0380008 4
3.0388008 4
3.0396008 4
3.0404008 4
3.0412008 4
3.0420008 4
3.0428008 4
3.0436008 4
3.0444008 4
3.0452008 4
3.0460008 4
3.0468008 4
3.0476008 4
3.0484008 2
3.0492008 2
3.0500008 2
3.0508008 2
3.0516008 2
3.0524008 2
3.0532008 2
3.0540008 2
3.0548008 2
3.0556008 2
3.0564008 2
3.0572008 2
3.0580008 2
3.0588008 2
3.0596008 2
3.0604008 2
3.0612008 2
3.0620008 2
3.0628008 2
3.0636008 2
3.0644008 2
3.0652008 5
3.0660008 5
3.0668008 5
3.0676008 5
3.0684008 5
3.0692008 5
3.0700008 5
3.0708008 5
3.0716008 5
3.0724008 5
3.0732008 5
3.0740008 5
3.0748008 5
3.0756008 5
3.0764008 5
3.0772008 5
3.0780008 5
3.0788008 5
3.0796008 5
3.0804008 3
3.0812008 3
3.0820008 3
3.0828008 3
3.0836008 3
3.0844008 3
3.0852008 3
3.0860008 3
3.0868008 3
3.0876008 3
3.0884008 3
3.0892008 3
3.0900008 3
3.0908008 3
3.0916008 3
3.0924008 3
3.0932008 3
3.0940008 3
3.0948008 3
3.0956008 3
3.0964008 4
3.0972008 4
3.0980008 4
3.0988008 4
3.0996008 4
3.1004008 4
3.1012008 4
3.1020008 4
3.1028008 4
3.1036008 4
3.1044008 4
3.1052008 4
3.1060008 4
3.1068008 4
3.1076008 4
3.1084008 4
3.1092008 4
3.1100008 4
3.1108008 4
3.1116008 4
3.1124008 2
3.1132008 2
3.1140008 2
3.1148008 2
3.1156008 2
3.1164008 2
3.1172008 2
3.1180008 2
3.1188008 2
3.1196008 2
3.1204008 2
3.1212008 2
3.1220008 2
3.1228008 2
3.1236008 2
3.1244008 2
3.1252008 2
3.1260008 2
3.1268008 2
3.1276008 2
3.1284008 2
3.1292008 2
3.1300008 5
3.1308008 5
3.1316008 5
3.1324008 5
3.1332008 5
3.1340008 5
3.1348008 5
3.1356008 5
3.1364008 5
3.1372008 5
3.1380008 5
3.1388008 5
3.1396008 5
3.1404008 5
3.1412008 5
3.1420008 5
3.1428008 5
3.1436008 5
3.1444008 5
3.1452008 5
3.1460008 3
3.1468008 3
3.1476008 3
3.1484008 3
3.1492008 3
3.1500008 3
3.1508008 3
3.1516008 3
3.1524008 3
3.1532008 3
3.1540008 3
3.1548008 3
3.1556008 3
3.1564008 3
3.1572008 3
3.1580008 3
3.1588008 3
3.1596008 3
3.1604008 3
3.1612008 3
3.1620008 3
3.1628008 4
3.1636008 4
3.1644008 4
3.1652008 4
3.1660008 4
3.1668008 4
3.1676008 4
3.1684008 4
3.1692008 4
3.1700008 4
3.1708008 4
3.1716008 4
3.1724008 4
3.1732008 4
3.1740008 4
3.1748008 4
3.1756008 4
3.1764008 4
3.1772008 4
3.1780008 4
3.1788008 4
3.1796008 2
3.1804008 2
3.1812008 2
3.1820008 2
3.1828008 2
3.1836008 2
3.1844008 2
3.1852008 2
3.1860008 2
3.1868008 2
3.1876008 2
3.1884008 2
3.1892008 2
3.1900008 2
3.1908008 2
3.1916008 2
3.1924008 2
3.1932008 2
3.1940008 2
3.1948008 2
3.1956008 2
3.1964008 2
3.1972008 2
3.1980008 5
3.1988008 5
3.1996008 5
3.2004008 5
3.2012008 5
3.2020008 5
3.2028008 5
3.2036008 5
3.2044008 5
3.2052008 5
3.2060008 5
3.2068008 5
3.2076008 5
3.2084008 5
3.2092008 5
3.2100008 5
3.2108008 5
3.2116008 5
3.2124008 5
3.2132008 5
3.2140008 5
3.2148008 3
3.2156008 3
3.2164008 3
3.2172008 3
3.2180008 3
3.2188008 3
3.2196008 3
3.2204008 3
3.2212008 3
3.2220008 3
3.2228008 3
3.2236008 3
3.2244008 3
3.2252008 3
3.2260008 3
3.2268008 3
3.2276008 3
3.2284008 3
3.2292008 3
3.2300008 3
3.2308008 3
3.2316008 3
3.2324008 4
3.2332008 4
3.2340008 4
3.2348008 4
3.2356008 4
3.2364008 4
3.2372008 4
3.2380008 4
3.2388008 4
3.2396008 4
3.2404008 4
3.2412008 4
3.2420008 4
3.2428008 4
3.2436008 4
3.2444008 4
3.2452008 4
3.2460008 4
3.2468008 4
3.2476008 4
3.2484008 4
3.2492008 4
3.2500008 2
3.2508008 2
3.2516008 2
3.2524008 2
3.2532008 2
3.2540008 2
3.2548008 2
3.2556008 2
3.2564008 2
3.2572008 2
3.2580008 2
3.2588008 2
3.2596008 2
3.2604008 2
3.2612008 2
3.2620008 2
3.2628008 2
3.2636008 2
3.2644008 2
3.2652008 2
3.2660008 2
3.2668008 2
3.2676008 2
3.2684008 2
3.2692008 5
3.2700008 5
3.2708008 5
3.2716008 5
3.2724008 5
3.2732008 5
3.2740008 5
3.2748008 5
3.2756008 5
3.2764008 5
3.2772008 5
3.2780008 5
3.2788008 5
3.2796008 5
3.2804008 5
3.2812008 5
3.2820008 5
3.2828008 5
3.2836008 5
3.2844008 5
3.2852008 5
3.2860008 5
3.2868008 3
3.2876008 3
3.2884008 3
3.2892008 3
3.2900008 3
3.2908008 3
3.2916008 3
3.2924008 3
3.2932008 3
3.2940008 3
3.2948008 3
3.2956008 3
3.2964008 3
3.2972008 3
3.2980008 3
3.2988008 3
3.2996008 3
3.3004008 3
3.3012008 3
3.3020008 3
3.3028008 3
3.3036008 3
3.3044008 3
3.3052008 4
3.3060008 4
3.3068008 4
3.3076008 4
3.3084008 4
3.3092008 4
3.3100008 4
3.3108008 4
3.3116008 4
3.3124008 4
3.3132008 4
3.3140008 4
3.3148008 4
3.3156008 4
3.3164008 4
3.3172008 4
3.3180008 4
3.3188008 4
3.3196008 4
3.3204008 4
3.3212008 4
3.3220008 4
3.3228008 4
3.3236008 2
3.3244008 2
3.3252008 2
3.3260008 2
3.3268008 2
3.3276008 2
3.3284008 2
3.3292008 2
3.3300008 2
3.3308008 2
3.3316008 2
3.3324008 2
3.3332008 2
3.3340008 2
3.3348008 2
3.3356008 2
3.3364008 2
3.3372008 2
3.3380008 2
3.3388008 2
3.3396008 2
3.3404008 2
3.3412008 2
3.3420008 2
3.3428008 2
3.3436008 5
3.3444008 5
3.3452008 5
3.3460008 5
3.3468008 5
3.3476008 5
3.3484008 5
3.3492008 5
3.3500008 5
3.3508008 5
3.3516008 5
3.3524008 5
3.3532008 5
3.3540008 5
3.3548008 5
3.3556008 5
3.3564008 5
3.3572008 5
3.3580008 5
3.3588008 5
3.3596008 5
3.3604008 5
3.3612008 5
3.3620008 3
3.3628008 3
3.3636008 3
3.3644008 3
3.3652008 3
3.3660008 3
3.3668008 3
3.3676008 3
3.3684008 3
3.3692008 3
3.3700008 3
3.3708008 3
3.3716008 3
3.3724008 3
3.3732008 3
3.3740008 3
3.3748008 3
3.3756008 3
3.3764008 3
3.3772008 3
3.3780008 3
3.3788008 3
3.3796008 3
3.3804008 3
3.3812008 4
3.3820008 4
3.3828008 4
3.3836008 4
3.3844008 4
3.3852008 4
3.3860008 4
3.3868008 4
3.3876008 4
3.3884008 4
3.3892008 4
3.3900008 4
3.3908008 4
3.3916008 4
3.3924008 4
3.3932008 4
3.3940008 4
3.3948008 4
3.3956008 4
3.3964008 4
3.3972008 4
3.3980008 4
3.3988008 4
3.3996008 4
3.4004008 2
3.4012008 2
3.4020008 2
3.4028008 2
3.4036008 2
3.4044008 2
3.4052008 2
3.4060008 2
3.4068008 2
3.4076008 2
3.4084008 2
3.4092008 2
3.4100008 2
3.4108008 2
3.4116008 2
3.4124008 2
3.4132008 2
3.4140008 2
3.4148008 2
3.4156008 2
3.4164008 2
3.4172008 2
3.4180008 2
3.4188008 2
3.4196008 2
3.4204008 2
3.4212008 5
3.4220008 5
3.4228008 5
3.4236008 5
3.4244008 5
3.4252008 5
3.4260008 5
3.4268008 5
3.4276008 5
3.4284008 5
3.4292008 5
3.4300008 5
3.4308008 5
3.4316008 5
3.4324008 5
3.4332008 5
3.4340008 5
3.4348008 5
3.4356008 5
3.4364008 5
3.4372008 5
3.4380008 5
3.4388008 5
3.4396008 5
3.4404008 3
3.4412008 3
3.4420008 3
3.4428008 3
3.4436008 3
3.4444008 3
3.4452008 3
3.4460008 3
3.4468008 3
3.4476008 3
3.4484008 3
3.4492008 3
3.4500008 3
3.4508008 3
3.4516008 3
3.4524008 3
3.4532008 3
3.4540008 3
3.4548008 3
3.4556008 3
3.4564008 3
3.4572008 3
3.4580008 3
3.4588008 3
3.4596008 3
3.4604008 4
3.4612008 4
3.4620008 4
3.4628008 4
3.4636008 4
3.4644008 4
3.4652008 4
3.4660008 4
3.4668008 4
3.4676008 4
3.4684008 4
3.4692008 4
3.4700008 4
3.4708008 4
3.4716008 4
3.4724008 4
3.4732008 4
3.4740008 4
3.4748008 4
3.4756008 4
3.4764008 4
3.4772008 4
3.4780008 4
3.4788008 4
3.4796008 4
3.4804008 2
3.4812008 2
3.4820008 2
3.4828008 2
3.4836008 2
3.4844008 2
3.4852008 2
3.4860008 2
3.4868008 2
3.4876008 2
3.4884008 2
3.4892008 2
3.4900008 2
3.4908008 2
3.4916008 2
3.4924008 2
3.4932008 2
3.4940008 2
3.4948008 2
3.4948016 2
3.4956016 5
3.4964016 5
3.4972016 5
3.4980016 5
3.4988016 5
3.4996016 5
3.5004016 5
3.5012016 5
3.5020016 5
3.5028016 5
3.5036016 5
3.5044016 5
3.5052016 5
3.5060016 5
3.5068016 5
3.5076016 5
3.5084016 5
3.5092016 5
3.5100016 5
3.5108016 5
3.5116016 5
3.5124016 5
3.5132016 5
3.5140016 5
3.5148016 5
3.5156016 3
3.5164016 3
3.5172016 3
3.5180016 3
3.5188016 3
3.5196016 3
3.5204016 3
3.5212016 3
3.5220016 3
3.5228016 3
3.5236016 3
3.5244016 3
3.5252016 3
3.5260016 3
3.5268016 3
3.5276016 3
3.5284016 3
3.5292016 3
3.5300016 3
3.5308016 3
3.5316016 3
3.5324016 3
3.5332016 3
3.5340016 3
3.5348016 3
3.5356016 3
3.5364016 4
3.5372016 4
3.5380016 4
3.5388016 4
3.5396016 4
3.5404016 4
3.5412016 4
3.5420016 4
3.5428016 4
3.5436016 4
3.5444016 4
3.5452016 4
3.5460016 4
3.5468016 4
3.5476016 4
3.5484016 4
3.5492016 4
3.5500016 4
3.5508016 4
3.5516016 4
3.5524016 4
3.5532016 4
3.5540016 4
3.5548016 4
3.5556016 4
3.5564016 4
3.5572016 5
3.5580016 5
3.5588016 5
3.5596016 5
3.5604016 5
3.5612016 5
3.5620016 5
3.5628016 5
3.5636016 5
3.5644016 5
3.5652016 5
3.5660016 5
3.5668016 5
3.5676016 5
3.5684016 5
3.5692016 5
3.5700016 5
3.5708016 5
3.5716016 5
3.5724016 5
3.5732016 5
3.5740016 5
3.5748016 5
3.5756016 5
3.5764016 5
3.5772016 5
3.5780016 3
3.5788016 3
3.5796016 3
3.5804016 3
3.5812016 3
3.5820016 3
3.5828016 3
3.5836016 3
3.5844016 3
3.5852016 3
3.5860016 3
3.5868016 3
3.5876016 3
3.5884016 3
3.5892016 3
3.5900016 3
3.5908016 3
3.5916016 3
3.5924016 3
3.5932016 3
3.5940016 3
3.5948016 3
3.5956016 3
3.5964016 3
3.5972016 3
3.5980016 3
3.5988016 4
3.5996016 4
3.6004016 4
3.6012016 4
3.6020016 4
3.6028016 4
3.6036016 4
3.6044016 4
3.6052016 4
3.6060016 4
3.6068016 4
3.6076016 4
3.6084016 4
3.6092016 4
3.6100016 4
3.6108016 4
3.6116016 4
3.6124016 4
3.6132016 4
3.6140016 4
3.6148016 4
3.6156016 4
3.6164016 4
3.6172016 4
3.6180016 4
3.6188016 4
3.6196016 4
3.6204016 5
3.6212016 5
3.6220016 5
3.6228016 5
3.6236016 5
3.6244016 5
3.6252016 5
3.6260016 5
3.6268016 5
3.6276016 5
3.6284016 5
3.6292016 5
3.6300016 5
3.6308016 5
3.6316016 5
3.6324016 5
3.6332016 5
3.6340016 5
3.6348016 5
3.6356016 5
3.6364016 5
3.6372016 5
3.6380016 5
3.6388016 5
3.6396016 5
3.6404016 5
3.6412016 5
3.6420016 3
3.6428016 3
3.6436016 3
3.6444016 3
3.6452016 3
3.6460016 3
3.6468016 3
3.6476016 3
3.6484016 3
3.6492016 3
3.6500016 3
3.6508016 3
3.6516016 3
3.6524016 3
3.6532016 3
3.6540016 3
3.6548016 3
3.6556016 3
3.6564016 3
3.6572016 3
3.6580016 3
3.6588016 3
3.6596016 3
3.6604016 3
3.6612016 3
3.6620016 3
3.6628016 3
3.6636016 4
3.6644016 4
3.6652016 4
3.6660016 4
3.6668016 4
3.6676016 4
3.6684016 4
3.6692016 4
3.6700016 4
3.6708016 4
3.6716016 4
3.6724016 4
3.6732016 4
3.6740016 4
3.6748016 4
3.6756016 4
3.6764016 4
3.6772016 4
3.6780016 4
3.6788016 4
3.6796016 4
3.6804016 4
3.6812016 4
3.6820016 4
3.6828016 4
3.6836016 4
3.6844016 4
3.6852016 4
3.6860016 5
3.6868016 5
3.6876016 5
3.6884016 5
3.6892016 5
3.6900016 5
3.6908016 5
3.6916016 5
3.6924016 5
3.6932016 5
3.6940016 5
3.6948016 5
3.6956016 5
3.6964016 5
3.6972016 5
3.6980016 5
3.6988016 5
3.6996016 5
3.7004016 5
3.7012016 5
3.7020016 5
3.7028016 5
3.7036016 5
3.7044016 5
3.7052016 5
3.7060016 5
3.7068016 5
3.7076016 5
3.7084016 3
3.7092016 3
3.7100016 3
3.7108016 3
3.7116016 3
3.7124016 3
3.7132016 3
3.7140016 3
3.7148016 3
3.7156016 3
3.7164016 3
3.7172016 3
3.7180016 3
3.7188016 3
3.7196016 3
3.7204016 3
3.7212016 3
3.7220016 3
3.7228016 3
3.7236016 3
3.7244016 3
3.7252016 3
3.7260016 3
3.7268016 3
3.7276016 3
3.7284016 3
3.7292016 3
3.7300016 3
3.7308016 4
3.7316016 4
3.7324016 4
3.7332016 4
3.7340016 4
3.7348016 4
3.7356016 4
3.7364016 4
3.7372016 4
3.7380016 4
3.7388016 4
3.7396016 4
3.7404016 4
3.7412016 4
3.7420016 4
3.7428016 4
3.7436016 4
3.7444016 4
3.7452016 4
3.7460016 4
3.7468016 4
3.7476016 4
3.7484016 4
3.7492016 4
3.7500016 4
3.7508016 4
3.7516016 4
3.7524016 4
3.7532016 4
3.7540016 5
3.7548016 5
3.7556016 5
3.7564016 5
3.7572016 5
3.7580016 5
3.7588016 5
3.7596016 5
3.7604016 5
3.7612016 5
3.7620016 5
3.7628016 5
3.7636016 5
3.7644016 5
3.7652016 5
3.7660016 5
3.7668016 5
3.7676016 5
3.7684016 5
3.7692016 5
3.7700016 5
3.7708016 5
3.7716016 5
3.7724016 5
3.7732016 5
3.7740016 5
3.7748016 5
3.7756016 5
3.7764016 5
3.7772016 3
3.7780016 3
3.7788016 3
3.7796016 3
3.7804016 3
3.7812016 3
3.7820016 3
3.7828016 3
3.7836016 3
3.7844016 3
3.7852016 3
3.7860016 3
3.7868016 3
3.7876016 3
3.7884016 3
3.7892016 3
3.7900016 3
3.7908016 3
3.7916016 3
3.7924016 3
3.7932016 3
3.7940016 3
3.7948016 3
3.7956016 3
3.7964016 3
3.7972016 3
3.7980016 3
3.7988016 3
3.7996016 3
3.8004016 4
3.8012016 4
3.8020016 4
3.8028016 4
3.8036016 4
3.8044016 4
3.8052016 4
3.8060016 4
3.8068016 4
3.8076016 4
3.8084016 4
3.8092016 4
3.8100016 4
3.8108016 4
3.8116016 4
3.8124016 4
3.8132016 4
3.8140016 4
3.8148016 4
3.8156016 4
3.8164016 4
3.8172016 4
3.8180016 4
3.8188016 4
3.8196016 4
3.8204016 4
3.8212016 4
3.8220016 4
3.8228016 4
3.8236016 4
3.8244016 5
3.8252016 5
3.8260016 5
3.8268016 5
3.8276016 5
3.8284016 5
3.8292016 5
3.8300016 5
3.8308016 5
3.8316016 5
3.8324016 5
3.8332016 5
3.8340016 5
3.8348016 5
3.8356016 5
3.8364016 5
3.8372016 5
3.8380016 5
3.8388016 5
3.8396016 5
3.8404016 5
3.8412016 5
3.8420016 5
3.8428016 5
3.8436016 5
3.8444016 5
3.8452016 5
3.8460016 5
3.8468016 5
3.8476016 5
3.8484016 3
3.8492016 3
3.8500016 3
3.8508016 3
3.8516016 3
3.8524016 3
3.8532016 3
3.8540016 3
3.8548016 3
3.8556016 3
3.8564016 3
3.8572016 3
3.8580016 3
3.8588016 3
3.8596016 3
3.8604016 3
3.8612016 3
3.8620016 3
3.8628016 3
3.8636016 3
3.8644016 3
3.8652016 3
3.8660016 3
3.8668016 3
3.8676016 3
3.8684016 3
3.8692016 3
3.8700016 3
3.8708016 3
3.8716016 3
3.8724016 4
3.8732016 4
3.8740016 4
3.8748016 4
3.8756016 4
3.8764016 4
3.8772016 4
3.8780016 4
3.8788016 4
3.8796016 4
3.8804016 4
3.8812016 4
3.8820016 4
3.8828016 4
3.8836016 4
3.8844016 4
3.8852016 4
3.8860016 4
3.8868016 4
3.8876016 4
3.8884016 4
3.8892016 4
3.8900016 4
3.8908016 4
3.8916016 4
3.8924016 4
3.8932016 4
3.8940016 4
3.8948016 4
3.8956016 4
3.8964016 4
3.8972016 5
3.8980016 5
3.8988016 5
3.8996016 5
3.9004016 5
3.9012016 5
3.9020016 5
3.9028016 5
3.9036016 5
3.9044016 5
3.9052016 5
3.9060016 5
3.9068016 5
3.9076016 5
3.9084016 5
3.9092016 5
3.9100016 5
3.9108016 5
3.9116016 5
3.9124016 5
3.9132016 5
3.9140016 5
3.9148016 5
3.9156016 5
3.9164016 5
3.9172016 5
3.9180016 5
3.9188016 5
3.9196016 5
3.9204016 5
3.9212016 5
3.9212024 3
3.9220024 4
3.9228024 4
3.9236024 4
3.9244024 4
3.9252024 4
3.9260024 4
3.9268024 4
3.9276024 4
3.9284024 4
3.9292024 4
3.9300024 4
3.9308024 4
3.9316024 4
3.9324024 4
3.9332024 4
3.9340024 4
3.9348024 4
3.9356024 4
3.9364024 4
3.9372024 4
3.9380024 4
3.9388024 4
3.9396024 4
3.9404024 4
3.9412024 4
3.9420024 4
3.9428024 4
3.9436024 4
3.9444024 4
3.9452024 4
3.9460024 4
3.9468024 4
3.9476024 5
3.9484024 5
3.9492024 5
3.9500024 5
3.9508024 5
3.9516024 5
3.9524024 5
3.9532024 5
3.9540024 5
3.9548024 5
3.9556024 5
3.9564024 5
3.9572024 5
3.9580024 5
3.9588024 5
3.9596024 5
3.9604024 5
3.9612024 5
3.9620024 5
3.9628024 5
3.9636024 5
3.9644024 5
3.9652024 5
3.9660024 5
3.9668024 5
3.9676024 5
3.9684024 5
3.9692024 5
3.9700024 5
3.9708024 5
3.9716024 5
3.9724024 5
3.9732024 4
3.9740024 4
3.9748024 4
3.9756024 4
3.9764024 4
3.9772024 4
3.9780024 4
3.9788024 4
3.9796024 4
3.9804024 4
3.9812024 4
3.9820024 4
3.9828024 4
3.9836024 4
3.9844024 4
3.9852024 4
3.9860024 4
3.9868024 4
3.9876024 4
3.9884024 4
3.9892024 4
3.9900024 4
3.9908024 4
3.9916024 4
3.9924024 4
3.9932024 4
3.9940024 4
3.9948024 4
3.9956024 4
3.9964024 4
3.9972024 4
3.9980024 4
3.9988024 4
3.9996024 5
4.0004024 5
4.0012024 5
4.0020024 5
4.0028024 5
4.0036024 5
4.0044024 5
4.0052024 5
4.0060024 5
4.0068024 5
4.0076024 5
4.0084024 5
4.0092024 5
4.0100024 5
4.0108024 5
4.0116024 5
4.0124024 5
4.0132024 5
4.0140024 5
4.0148024 5
4.0156024 5
4.0164024 5
4.0172024 5
4.0180024 5
4.0188024 5
4.0196024 5
4.0204024 5
4.0212024 5
4.0220024 5
4.0228024 5
4.0236024 5
4.0244024 5
4.0252024 5
4.0260024 4
4.0268024 4
4.0276024 4
4.0284024 4
4.0292024 4
4.0300024 4
4.0308024 4
4.0316024 4
4.0324024 4
4.0332024 4
4.0340024 4
4.0348024 4
4.0356024 4
4.0364024 4
4.0372024 4
4.0380024 4
4.0388024 4
4.0396024 4
4.0404024 4
4.0412024 4
4.0420024 4
4.0428024 4
4.0436024 4
4.0444024 4
4.0452024 4
4.0460024 4
4.0468024 4
4.0476024 4
4.0484024 4
4.0492024 4
4.0500024 4
4.0508024 4
4.0516024 4
4.0524024 5
4.0532024 5
4.0540024 5
4.0548024 5
4.0556024 5
4.0564024 5
4.0572024 5
4.0580024 5
4.0588024 5
4.0596024 5
4.0604024 5
4.0612024 5
4.0620024 5
4.0628024 5
4.0636024 5
4.0644024 5
4.0652024 5
4.0660024 5
4.0668024 5
4.0676024 5
4.0684024 5
4.0692024 5
4.0700024 5
4.0708024 5
4.0716024 5
4.0724024 5
4.0732024 5
4.0740024 5
4.0748024 5
4.0756024 5
4.0764024 5
4.0772024 5
4.0780024 5
4.0788024 4
4.0796024 4
4.0804024 4
4.0812024 4
4.0820024 4
4.0828024 4
4.0836024 4
4.0844024 4
4.0852024 4
4.0852032 4
4.0860032 5
4.0868032 5
4.0876032 5
4.0884032 5
4.0892032 5
4.0900032 5
4.0908032 5
4.0916032 5
4.0924032 5
4.0932032 5
4.0940032 5
4.0948032 5
4.0956032 5
4.0964032 5
4.0972032 5
4.0980032 5
4.0988032 5
4.0996032 5
4.1004032 5
4.1012032 5
4.1020032 5
4.1028032 5
4.1036032 5
4.1044032 5
4.1052032 5
4.1060032 5
4.1068032 5
4.1076032 5
4.1084032 5
4.1092032 5
4.1100032 5
4.1108032 5
4.1116032 5
4.1124032 5
4.1132032 5
4.1140032 5
4.1148032 5
4.1156032 5
4.1164032 5
4.1172032 5
4.1180032 5
4.1188032 5
4.1196032 5
4.1204032 5
4.1212032 5
4.1220032 5
4.1228032 5
4.1236032 5
4.1244032 5
4.1252032 5
4.1260032 5
4.1268032 5
4.1276032 5
4.1284032 5
4.1292032 5
4.1300032 5
4.1308032 5
4.1316032 5
4.1324032 5
4.1332032 5
4.1340032 5
4.1348032 5
4.1356032 5
4.1364032 5
4.1372032 5
4.1380032 5
4.1388032 5
4.1396032 5
4.1404032 5
4.1412032 5
4.141204 5
