0.0108 
0.0316 
0.0324 
0.0524 
0.0532 
0.054 
0.0548 
0.0732 
0.074 
0.0748 
0.0756 
0.0764 
0.0772 
0.078 
0.0788 
0.094 
0.0948 
0.0956 
0.0964 
0.0972 
0.098 
0.0988 
0.0996 
0.1004 
0.1012 
0.102 
0.1028 
0.1036 
0.1044 
0.1052 
0.106 
0.1148 
0.1156 
0.1164 
0.1172 
0.118 
0.1188 
0.1196 
0.1204 
0.1212 
0.122 
0.1228 
0.1236 
0.1244 
0.1252 
0.126 
0.1268 
0.1276 
0.1284 
0.1292 
0.13 
0.1308 
0.1316 
0.1324 
0.1332 
0.134 
0.1348 
0.1356 
0.1364 
0.1372 
0.138 
0.1388 
0.1396 
0.1404 
0.1412 
0.142 
0.1428 
0.1436 
0.1444 
0.1452 
0.146 
0.1468 
0.1476 
0.1484 
0.1492 
0.15 
0.1508 
0.1516 
0.1524 
0.1532 
0.154 
0.1548 
0.1556 
0.1564 
0.1572 
0.158 
0.1588 
0.1596 
0.1604 
0.1612 
0.162 
0.1628 
0.1636 
0.1644 
0.1652 
0.166 
0.1668 
0.1676 
0.1684 
0.1692 
0.17 
0.1708 
0.1716 
0.1724 
0.1732 
0.174 
0.1748 
0.1756 
0.1764 
0.1772 
0.178 
0.1788 
0.1796 
0.1804 
0.1812 
0.182 
0.1828 
0.1836 
0.1844 
0.1852 
0.186 
0.1868 
0.1876 
0.1884 
0.1892 
0.19 
0.1908 
0.1916 
0.1924 
0.1932 
0.194 
0.1948 
0.1956 
0.1964 
0.1972 
0.198 
0.1988 
0.1996 
0.2004 
0.2012 
0.202 
0.2028 
0.2036 
0.2044 
0.2052 
0.206 
0.2068 
0.2076 
0.2084 
0.2092 
0.21 
0.2108 
0.2116 
0.2124 
0.2132 
0.214 
0.2148 
0.2156 
0.2164 
0.2172 
0.218 
0.2188 
0.2196 
0.2204 
0.2212 
0.222 
0.2228 
0.2236 
0.2244 
0.2252 
0.226 
0.2268 
0.2276 
0.2284 
0.2292 
0.23 
0.2308 
0.2316 
0.2324 
0.2332 
0.234 
0.2348 
0.2356 
0.2364 
0.2372 
0.238 
0.2388 
0.2396 
0.2404 
0.2412 
0.242 
0.2428 
0.2436 
0.2444 
0.2452 
0.246 
0.2468 
0.2476 
0.2484 
0.2492 
0.25 
0.2508 
0.2516 
0.2524 
0.2532 
0.254 
0.2548 
0.2556 
0.2564 
0.2572 
0.258 
0.2588 
0.2596 
0.2604 
0.2612 
0.262 
0.2628 
0.2636 
0.2644 
0.2652 
0.266 
0.2668 
0.2676 
0.2684 
0.2692 
0.27 
0.2708 
0.2716 
0.2724 
0.2732 
0.274 
0.2748 
0.2756 
0.2764 
0.2772 
0.278 
0.2788 
0.2796 
0.2804 
0.2812 
0.282 
0.2828 
0.2836 
0.2844 
0.2852 
0.286 
0.2868 
0.2876 
0.2884 
0.2892 
0.29 
0.2908 
0.2916 
0.2924 
0.2932 
0.294 
0.2948 
0.2956 
0.2964 
0.2972 
0.298 
0.2988 
0.2996 
0.3004 
0.3012 
0.302 
0.3028 
0.3036 
0.3044 
0.3052 
0.306 
0.3068 
0.3076 
0.3084 
0.3092 
0.31 
0.3108 
0.3116 
0.3124 
0.3132 
0.314 
0.3148 
0.3156 
0.3164 
0.3172 
0.318 
0.3188 
0.3196 
0.3204 
0.3212 
0.322 
0.3228 
0.3236 
0.3244 
0.3252 
0.326 
0.3268 
0.3276 
0.3284 
0.3292 
0.33 
0.3308 
0.3316 
0.3324 
0.3332 
0.334 
0.3348 
0.3356 
0.3364 
0.3372 
0.338 
0.3388 
0.3396 
0.3404 
0.3412 
0.342 
0.3428 
0.3436 
0.3444 
0.3452 
0.346 
0.3468 
0.3476 
0.3484 
0.3492 
0.35 
0.3508 
0.3516 
0.3524 
0.3532 
0.354 
0.3548 
0.3556 
0.3564 
0.3572 
0.358 
0.3588 
0.3596 
0.3604 
0.3612 
0.362 
0.3628 
0.3636 
0.3644 
0.3652 
0.366 
0.3668 
0.3676 
0.3684 
0.3692 
0.37 
0.3708 
0.3716 
0.3724 
0.3732 
0.374 
0.3748 
0.3756 
0.3764 
0.3772 
0.378 
0.3788 
0.3796 
0.3804 
0.3812 
0.382 
0.3828 
0.3836 
0.3844 
0.3852 
0.386 
0.3868 
0.3876 
0.3884 
0.3892 
0.39 
0.3908 
0.3916 
0.3924 
0.3932 
0.394 
0.3948 
0.3956 
0.3964 
0.3972 
0.398 
0.3988 
0.3996 
0.4004 
0.4012 
0.402 
0.4028 
0.4036 
0.4044 
0.4052 
0.406 
0.4068 
0.4076 
0.4084 
0.4092 
0.41 
0.4108 
0.4116 
0.4124 
0.4132 
0.414 
0.4148 
0.4156 
0.4164 
0.4172 
0.418 
0.4188 
0.4196 
0.4204 
0.4212 
0.422 
0.4228 
0.4236 
0.4244 
0.4252 
0.426 
0.4268 
0.4276 
0.4284 
0.4292 
0.43 
0.4308 
0.4316 
0.4324 
0.4332 
0.434 
0.4348 
0.4356 
0.4364 
0.4372 
0.438 
0.4388 
0.4396 
0.4404 
0.4412 
0.442 
0.4428 
0.4436 
0.4444 
0.4452 
0.446 
0.4468 
0.4476 
0.4484 
0.4492 
0.45 
0.4508 
0.4516 
0.4524 
0.4532 
0.454 
0.4548 
0.4556 
0.4564 
0.4572 
0.458 
0.4588 
0.4596 
0.4604 
0.4612 
0.462 
0.4628 
0.4636 
0.4644 
0.4652 
0.466 
0.4668 
0.4676 
0.4684 
0.4692 
0.47 
0.4708 
0.4716 
0.4724 
0.4732 
0.474 
0.4748 
0.4756 
0.4764 
0.4772 
0.478 
0.4788 
0.4796 
0.4804 
0.4812 
0.482 
0.4828 
0.4836 
0.4844 
0.4852 
0.486 
0.4868 
0.4876 
0.4884 
0.4892 
0.49 
0.4908 
0.4916 
0.4924 
0.4932 
0.494 
0.4948 
0.4956 
0.4964 
0.4972 
0.498 
0.4988 
0.4996 
0.5004 
0.5012 
0.502 
0.5028 
0.5036 
0.5044 
0.5052 
0.506 
0.5068 
0.5076 
0.5084 
0.5092 
0.51 
0.5108 
0.5116 
0.5124 
0.5132 
0.514 
0.5148 
0.5156 
0.5164 
0.5172 
0.518 
0.5188 
0.5196 
0.5204 
0.5212 
0.522 
0.5228 
0.5236 
0.5244 
0.5252 
0.526 
0.5268 
0.5276 
0.5284 
0.5292 
0.53 
0.5308 
0.5316 
0.5324 
0.5332 
0.534 
0.5348 
0.5356 
0.5364 
0.5372 
0.538 
0.5388 
0.5396 
0.5404 
0.5412 
0.542 
0.5428 
0.5436 
0.5444 
0.5452 
0.546 
0.5468 
0.5476 
0.5484 
0.5492 
0.55 
0.5508 
0.5516 
0.5524 
0.5532 
0.554 
0.5548 
0.5556 
0.5564 
0.5572 
0.558 
0.5588 
0.5596 
0.5604 
0.5612 
0.562 
0.5628 
0.5636 
0.5644 
0.5652 
0.566 
0.5668 
0.5676 
0.5684 
0.5692 
0.57 
0.5708 
0.5716 
0.5724 
0.5732 
0.574 
0.5748 
0.5756 
0.5764 
0.5772 
0.578 
0.5788 
0.5796 
0.5804 
0.5812 
0.582 
0.5828 
0.5836 
0.5844 
0.5852 
0.586 
0.5868 
0.5876 
0.5884 
0.5892 
0.59 
0.5908 
0.5916 
0.5924 
0.5932 
0.594 
0.5948 
0.5956 
0.5964 
0.5972 
0.598 
0.5988 
0.5996 
0.6004 
0.6012 
0.602 
0.6028 
0.6036 
0.6044 
0.6052 
0.606 
0.6068 
0.6076 
0.6084 
0.6092 
0.61 
0.6108 
0.6116 
0.6124 
0.6132 
0.614 
0.6148 
0.6156 
0.6164 
0.6172 
0.618 
0.6188 
0.6196 
0.6204 
0.6212 
0.622 
0.6228 
0.6236 
0.6244 
0.6252 
0.626 
0.6268 
0.6276 
0.6284 
0.6292 
0.63 
0.6308 
0.6316 
0.6324 
0.6332 
0.634 
0.6348 
0.6356 
0.6364 
0.6372 
0.638 
0.6388 
0.6396 
0.6404 
0.6412 
0.642 
0.6428 
0.6436 
0.6444 
0.6452 
0.646 
0.6468 
0.6476 
0.6484 
0.6492 
0.65 
0.6508 
0.6516 
0.6524 
0.6532 
0.654 
0.6548 
0.6556 
0.6564 
0.6572 
0.658 
0.6588 
0.6596 
0.6604 
0.6612 
0.662 
0.6628 
0.6636 
0.6644 
0.6652 
0.666 
0.6668 
0.6676 
0.6684 
0.6692 
0.67 
0.6708 
0.6716 
0.6724 
0.6732 
0.674 
0.6748 
0.6756 
0.6764 
0.6772 
0.678 
0.6788 
0.6796 
0.6804 
0.6812 
0.682 
0.6828 
0.6836 
0.6844 
0.6852 
0.686 
0.6868 
0.6876 
0.6884 
0.6892 
0.69 
0.6908 
0.6916 
0.6924 
0.6932 
0.694 
0.6948 
0.6956 
0.6964 
0.6972 
0.698 
0.6988 
0.6996 
0.7004 
0.7012 
0.702 
0.7028 
0.7036 
0.7044 
0.7052 
0.706 
0.7068 
0.7076 
0.7084 
0.7092 
0.71 
0.7108 
0.7116 
0.7124 
0.7132 
0.714 
0.7148 
0.7156 
0.7164 
0.7172 
0.718 
0.7188 
0.7196 
0.7204 
0.7212 
0.722 
0.7228 
0.7236 
0.7244 
0.7252 
0.726 
0.7268 
0.7276 
0.7284 
0.7292 
0.73 
0.7308 
0.7316 
0.7324 
0.7332 
0.734 
0.7348 
0.7356 
0.7364 
0.7372 
0.738 
0.7388 
0.7396 
0.7404 
0.7412 
0.742 
0.7428 
0.7436 
0.7444 
0.7452 
0.746 
0.7468 
0.7476 
0.7484 
0.7492 
0.75 
0.7508 
0.7516 
0.7524 
0.7532 
0.754 
0.7548 
0.7556 
0.7564 
0.7572 
0.758 
0.7588 
0.7596 
0.7604 
0.7612 
0.762 
0.7628 
0.7636 
0.7644 
0.7652 
0.766 
0.7668 
0.7676 
0.7684 
0.7692 
0.77 
0.7708 
0.7716 
0.7724 
0.7732 
0.774 
0.7748 
0.7756 
0.7764 
0.7772 
0.778 
0.7788 
0.7796 
0.7804 
0.7812 
0.782 
0.7828 
0.7836 
0.7844 
0.7852 
0.786 
0.7868 
0.7876 
0.7884 
0.7892 
0.79 
0.7908 
0.7916 
0.7924 
0.7932 
0.794 
0.7948 
0.7956 
0.7964 
0.7972 
0.798 
0.7988 
0.7996 
0.8004 
0.8012 
0.802 
0.8028 
0.8036 
0.8044 
0.8052 
0.806 
0.8068 
0.8076 
0.8084 
0.8092 
0.81 
0.8108 
0.8116 
0.8124 
0.8132 
0.814 
0.8148 
0.8156 
0.8164 
0.8172 
0.818 
0.8188 
0.8196 
0.8204 
0.8212 
0.822 
0.8228 
0.8236 
0.8244 
0.8252 
0.826 
0.8268 
0.8276 
0.8284 
0.8292 
0.83 
0.8308 
0.8316 
0.8324 
0.8332 
0.834 
0.8348 
0.8356 
0.8364 
0.8372 
0.838 
0.8388 
0.8396 
0.8404 
0.8412 
0.842 
0.8428 
0.8436 
0.8444 
0.8452 
0.846 
0.8468 
0.8476 
0.8484 
0.8492 
0.85 
0.8508 
0.8516 
0.8524 
0.8532 
0.854 
0.8548 
0.8556 
0.8564 
0.8572 
0.858 
0.8588 
0.8596 
0.8604 
0.8612 
0.862 
0.8628 
0.8636 
0.8644 
0.8652 
0.866 
0.8668 
0.8676 
0.8684 
0.8692 
0.87 
0.8708 
0.8716 
0.8724 
0.8732 
0.874 
0.8748 
0.8756 
0.8764 
0.8772 
0.878 
0.8788 
0.8796 
0.8804 
0.8812 
0.882 
0.8828 
0.8836 
0.8844 
0.8852 
0.886 
0.8868 
0.8876 
0.8884 
0.8892 
0.8892008 
