0 1 0 T
0.0208 1 1000 A
0.0208 1 1000 T
0.0208 1 2000 T
0.0416 1 2000 A
0.0416 1 3000 T
0.0416 1 4000 T
0.0424 1 3000 A
0.0424 1 5000 T
0.0424 1 6000 T
0.0624 1 4000 A
0.0624 1 7000 T
0.0624 1 8000 T
0.0632 1 5000 A
0.0632 1 9000 T
0.0632 1 10000 T
0.064 1 6000 A
0.064 1 11000 T
0.064 1 12000 T
0.0648 1 7000 A
0.0648 1 13000 T
0.0648 1 14000 T
0.0832 1 8000 A
0.0832 1 15000 T
0.0832 1 16000 T
0.084 1 9000 A
0.084 1 17000 T
0.084 1 18000 T
0.0848 1 10000 A
0.0848 1 19000 T
0.0848 1 20000 T
0.0856 1 11000 A
0.0856 1 21000 T
0.0856 1 22000 T
0.0864 1 12000 A
0.0864 1 23000 T
0.0864 1 24000 T
0.0872 1 13000 A
0.0872 1 25000 T
0.0872 1 26000 T
0.088 1 14000 A
0.088 1 27000 T
0.088 1 28000 T
0.0888 1 15000 A
0.0888 1 29000 T
0.0888 1 30000 T
0.104 1 16000 A
0.104 1 31000 T
0.104 1 32000 T
0.1048 1 17000 A
0.1048 1 33000 T
0.1048 1 34000 T
0.1056 1 18000 A
0.1056 1 35000 T
0.1056 1 36000 T
0.1064 1 19000 A
0.1064 1 37000 T
0.1064 1 38000 T
0.1072 1 20000 A
0.1072 1 39000 T
0.1072 1 40000 T
0.108 1 21000 A
0.108 1 41000 T
0.108 1 42000 T
0.1088 1 22000 A
0.1088 1 43000 T
0.1088 1 44000 T
0.1096 1 23000 A
0.1096 1 45000 T
0.1096 1 46000 T
0.1104 1 24000 A
0.1104 1 47000 T
0.1104 1 48000 T
0.1112 1 25000 A
0.1112 1 49000 T
0.1112 1 50000 T
0.112 1 26000 A
0.112 1 51000 T
0.112 1 52000 T
0.1128 1 27000 A
0.1128 1 53000 T
0.1128 1 54000 T
0.1136 1 28000 A
0.1136 1 55000 T
0.1136 1 56000 T
0.1144 1 29000 A
0.1144 1 57000 T
0.1144 1 58000 T
0.1152 1 30000 A
0.1152 1 59000 T
0.1152 1 60000 T
0.116 1 31000 A
0.116 1 61000 T
0.116 1 62000 T
0.1248 1 32000 A
0.1248 1 63000 T
0.1248 1 64000 T
0.1256 1 33000 A
0.1256 1 65000 T
0.1256 1 66000 T
0.1264 1 34000 A
0.1264 1 67000 T
0.1264 1 68000 T
0.1272 1 35000 A
0.1272 1 69000 T
0.1272 1 70000 T
0.128 1 36000 A
0.128 1 71000 T
0.128 1 72000 T
0.1288 1 37000 A
0.1288 1 73000 T
0.1288 1 74000 T
0.1296 1 38000 A
0.1296 1 75000 T
0.1296 1 76000 T
0.1304 1 39000 A
0.1304 1 77000 T
0.1304 1 78000 T
0.1312 1 40000 A
0.1312 1 79000 T
0.1312 1 80000 T
0.132 1 41000 A
0.132 1 81000 T
0.132 1 82000 T
0.1328 1 42000 A
0.1328 1 83000 T
0.1328 1 84000 T
0.1336 1 43000 A
0.1336 1 85000 T
0.1336 1 86000 T
0.1344 1 44000 A
0.1344 1 87000 T
0.1344 1 88000 T
0.1352 1 45000 A
0.1352 1 89000 T
0.1352 1 90000 T
0.136 1 46000 A
0.136 1 91000 T
0.136 1 92000 T
0.1368 1 47000 A
0.1368 1 93000 T
0.1368 1 94000 T
0.1376 1 48000 A
0.1376 1 95000 T
0.1376 1 96000 T
0.1384 1 49000 A
0.1384 1 97000 T
0.1384 1 98000 T
0.1392 1 50000 A
0.1392 1 99000 T
0.1392 1 100000 T
0.14 1 51000 A
0.14 1 101000 T
0.14 1 102000 T
0.1408 1 52000 A
0.1408 1 103000 T
0.1408 1 104000 T
0.1416 1 53000 A
0.1416 1 105000 T
0.1416 1 106000 T
0.1424 1 54000 A
0.1424 1 107000 T
0.1424 1 108000 T
0.1432 1 55000 A
0.1432 1 109000 T
0.1432 1 110000 T
0.144 1 56000 A
0.144 1 111000 T
0.144 1 112000 T
0.1448 1 57000 A
0.1448 1 113000 T
0.1448 1 114000 T
0.1456 1 58000 A
0.1456 1 115000 T
0.1456 1 116000 T
0.1464 1 59000 A
0.1464 1 117000 T
0.1464 1 118000 T
0.1472 1 60000 A
0.1472 1 119000 T
0.1472 1 120000 T
0.148 1 61000 A
0.148 1 121000 T
0.148 1 122000 T
0.1488 1 62000 A
0.1488 1 123000 T
0.1488 1 124000 T
0.1496 1 63000 A
0.1496 1 125000 T
0.1496 1 126000 T
0.1504 1 64000 A
0.1504 1 127000 T
0.1504 1 128000 T
0.1512 1 65000 A
0.1512 1 129000 T
0.1512 1 130000 T
0.152 1 66000 A
0.152 1 131000 T
0.152 1 132000 T
0.1528 1 67000 A
0.1528 1 133000 T
0.1528 1 134000 T
0.1536 1 68000 A
0.1536 1 135000 T
0.1536 1 136000 T
0.1544 1 69000 A
0.1544 1 137000 T
0.1544 1 138000 T
0.1552 1 70000 A
0.1552 1 139000 T
0.1552 1 140000 T
0.156 1 71000 A
0.156 1 141000 T
0.156 1 142000 T
0.1568 1 72000 A
0.1568 1 143000 T
0.1568 1 144000 T
0.1576 1 73000 A
0.1576 1 145000 T
0.1576 1 146000 T
0.1584 1 74000 A
0.1584 1 147000 T
0.1584 1 148000 T
0.1592 1 75000 A
0.1592 1 149000 T
0.1592 1 150000 T
0.16 1 76000 A
0.16 1 151000 T
0.16 1 152000 T
0.1608 1 77000 A
0.1608 1 153000 T
0.1608 1 154000 T
0.1616 1 78000 A
0.1616 1 155000 T
0.1616 1 156000 T
0.1624 1 79000 A
0.1624 1 157000 T
0.1624 1 158000 T
0.1632 1 80000 A
0.1632 1 159000 T
0.1632 1 160000 T
0.164 1 81000 A
0.164 1 161000 T
0.164 1 162000 T
0.1648 1 82000 A
0.1648 1 163000 T
0.1648 1 164000 T
0.1656 1 83000 A
0.1656 1 165000 T
0.1656 1 166000 T
0.1664 1 84000 A
0.1664 1 167000 T
0.1664 1 168000 T
0.1672 1 85000 A
0.1672 1 169000 T
0.1672 1 170000 T
0.168 1 86000 A
0.168 1 171000 T
0.168 1 172000 T
0.1688 1 87000 A
0.1688 1 173000 T
0.1688 1 174000 T
0.1696 1 88000 A
0.1696 1 175000 T
0.1696 1 176000 T
0.1704 1 89000 A
0.1704 1 177000 T
0.1704 1 178000 T
0.1712 1 90000 A
0.1712 1 179000 T
0.1712 1 180000 T
0.172 1 91000 A
0.172 1 181000 T
0.172 1 182000 T
0.1728 1 92000 A
0.1728 1 183000 T
0.1728 1 184000 T
0.1736 1 93000 A
0.1736 1 185000 T
0.1736 1 186000 T
0.1744 1 94000 A
0.1744 1 187000 T
0.1744 1 188000 T
0.1752 1 95000 A
0.1752 1 189000 T
0.1752 1 190000 T
0.176 1 96000 A
0.176 1 191000 T
0.176 1 192000 T
0.1768 1 97000 A
0.1768 1 193000 T
0.1768 1 194000 T
0.1776 1 98000 A
0.1776 1 195000 T
0.1776 1 196000 T
0.1784 1 99000 A
0.1784 1 197000 T
0.1784 1 198000 T
0.1792 1 100000 A
0.1792 1 199000 T
0.1792 1 200000 T
0.18 1 101000 A
0.18 1 201000 T
0.18 1 202000 T
0.1808 1 102000 A
0.1808 1 203000 T
0.1808 1 204000 T
0.1816 1 103000 A
0.1816 1 205000 T
0.1816 1 206000 T
0.1824 1 104000 A
0.1824 1 207000 T
0.1824 1 208000 T
0.1832 1 105000 A
0.1832 1 209000 T
0.1832 1 210000 T
0.184 1 106000 A
0.184 1 211000 T
0.184 1 212000 T
0.1848 1 107000 A
0.1848 1 213000 T
0.1848 1 214000 T
0.1856 1 108000 A
0.1856 1 215000 T
0.1856 1 216000 T
0.1864 1 109000 A
0.1864 1 217000 T
0.1864 1 218000 T
0.1872 1 110000 A
0.1872 1 219000 T
0.1872 1 220000 T
0.188 1 111000 A
0.188 1 221000 T
0.188 1 222000 T
0.1888 1 112000 A
0.1888 1 223000 T
0.1888 1 224000 T
0.1896 1 113000 A
0.1896 1 225000 T
0.1896 1 226000 T
0.1904 1 114000 A
0.1904 1 227000 T
0.1904 1 228000 T
0.1912 1 115000 A
0.1912 1 229000 T
0.1912 1 230000 T
0.192 1 116000 A
0.192 1 231000 T
0.192 1 232000 T
0.1928 1 117000 A
0.1928 1 233000 T
0.1928 1 234000 T
0.1936 1 118000 A
0.1936 1 235000 T
0.1936 1 236000 T
0.1944 1 119000 A
0.1944 1 237000 T
0.1944 1 238000 T
0.1952 1 120000 A
0.1952 1 239000 T
0.1952 1 240000 T
0.196 1 121000 A
0.196 1 241000 T
0.196 1 242000 T
0.1968 1 122000 A
0.1968 1 243000 T
0.1968 1 244000 T
0.1976 1 123000 A
0.1976 1 245000 T
0.1976 1 246000 T
0.1984 1 124000 A
0.1984 1 247000 T
0.1984 1 248000 T
0.1992 1 125000 A
0.1992 1 249000 T
0.1992 1 250000 T
0.2 1 126000 A
0.2 1 251000 T
0.2 1 252000 T
0.2008 1 127000 A
0.2008 1 253000 T
0.2008 1 254000 T
0.2016 1 128000 A
0.2016 1 255000 T
0.2016 1 256000 T
0.2024 1 129000 A
0.2024 1 257000 T
0.2024 1 258000 T
0.2032 1 130000 A
0.2032 1 259000 T
0.2032 1 260000 T
0.204 1 131000 A
0.204 1 261000 T
0.204 1 262000 T
0.2048 1 132000 A
0.2048 1 263000 T
0.2048 1 264000 T
0.2056 1 133000 A
0.2056 1 265000 T
0.2056 1 266000 T
0.2064 1 134000 A
0.2064 1 267000 T
0.2064 1 268000 T
0.2072 1 135000 A
0.2072 1 269000 T
0.2072 1 270000 T
0.208 1 136000 A
0.208 1 271000 T
0.208 1 272000 T
0.2088 1 137000 A
0.2088 1 273000 T
0.2088 1 274000 T
0.2096 1 138000 A
0.2096 1 275000 T
0.2096 1 276000 T
0.2104 1 139000 A
0.2104 1 277000 T
0.2104 1 278000 T
0.2112 1 140000 A
0.2112 1 279000 T
0.2112 1 280000 T
0.212 1 141000 A
0.212 1 281000 T
0.212 1 282000 T
0.2128 1 142000 A
0.2128 1 283000 T
0.2128 1 284000 T
0.2136 1 143000 A
0.2136 1 285000 T
0.2136 1 286000 T
0.2144 1 144000 A
0.2144 1 287000 T
0.2144 1 288000 T
0.2152 1 145000 A
0.2152 1 289000 T
0.2152 1 290000 T
0.216 1 146000 A
0.216 1 291000 T
0.216 1 292000 T
0.2168 1 147000 A
0.2168 1 293000 T
0.2168 1 294000 T
0.2176 1 148000 A
0.2176 1 295000 T
0.2176 1 296000 T
0.2184 1 149000 A
0.2184 1 297000 T
0.2184 1 298000 T
0.2192 1 150000 A
0.2192 1 299000 T
0.2192 1 300000 T
0.22 1 151000 A
0.22 1 301000 T
0.22 1 302000 T
0.2208 1 152000 A
0.2208 1 303000 T
0.2208 1 304000 T
0.2216 1 153000 A
0.2216 1 305000 T
0.2216 1 306000 T
0.2224 1 154000 A
0.2224 1 307000 T
0.2224 1 308000 T
0.2232 1 155000 A
0.2232 1 309000 T
0.2232 1 310000 T
0.224 1 156000 A
0.224 1 311000 T
0.224 1 312000 T
0.2248 1 157000 A
0.2248 1 313000 T
0.2248 1 314000 T
0.2256 1 158000 A
0.2256 1 315000 T
0.2256 1 316000 T
0.2264 1 159000 A
0.2264 1 317000 T
0.2264 1 318000 T
0.2272 1 160000 A
0.2272 1 319000 T
0.2272 1 320000 T
0.228 1 161000 A
0.228 1 321000 T
0.228 1 322000 T
0.2288 1 162000 A
0.2288 1 323000 T
0.2288 1 324000 T
0.2296 1 163000 A
0.2296 1 325000 T
0.2296 1 326000 T
0.2304 1 164000 A
0.2304 1 327000 T
0.2304 1 328000 T
0.2312 1 165000 A
0.2312 1 329000 T
0.2312 1 330000 T
0.232 1 166000 A
0.232 1 331000 T
0.232 1 332000 T
0.2328 1 167000 A
0.2328 1 333000 T
0.2328 1 334000 T
0.2336 1 168000 A
0.2336 1 335000 T
0.2336 1 336000 T
0.2344 1 169000 A
0.2344 1 337000 T
0.2344 1 338000 T
0.2352 1 170000 A
0.2352 1 339000 T
0.2352 1 340000 T
0.236 1 171000 A
0.236 1 341000 T
0.236 1 342000 T
0.2368 1 172000 A
0.2368 1 343000 T
0.2368 1 344000 T
0.2376 1 173000 A
0.2376 1 345000 T
0.2376 1 346000 T
0.2384 1 174000 A
0.2384 1 347000 T
0.2384 1 348000 T
0.2392 1 175000 A
0.2392 1 349000 T
0.2392 1 350000 T
0.24 1 176000 A
0.24 1 351000 T
0.24 1 352000 T
0.2408 1 177000 A
0.2408 1 353000 T
0.2408 1 354000 T
0.2416 1 178000 A
0.2416 1 355000 T
0.2416 1 356000 T
0.2424 1 179000 A
0.2424 1 357000 T
0.2424 1 358000 T
0.2432 1 180000 A
0.2432 1 359000 T
0.2432 1 360000 T
0.244 1 181000 A
0.244 1 361000 T
0.244 1 362000 T
0.2448 1 182000 A
0.2448 1 363000 T
0.2448 1 364000 T
0.2456 1 183000 A
0.2456 1 365000 T
0.2456 1 366000 T
0.2464 1 184000 A
0.2464 1 367000 T
0.2464 1 368000 T
0.2472 1 185000 A
0.2472 1 369000 T
0.2472 1 370000 T
0.248 1 186000 A
0.248 1 371000 T
0.248 1 372000 T
0.2488 1 187000 A
0.2488 1 373000 T
0.2488 1 374000 T
0.2496 1 188000 A
0.2496 1 375000 T
0.2496 1 376000 T
0.2504 1 189000 A
0.2504 1 377000 T
0.2504 1 378000 T
0.2512 1 190000 A
0.2512 1 379000 T
0.2512 1 380000 T
0.252 1 191000 A
0.252 1 381000 T
0.252 1 382000 T
0.2528 1 192000 A
0.2528 1 383000 T
0.2528 1 384000 T
0.2536 1 193000 A
0.2536 1 385000 T
0.2536 1 386000 T
0.2544 1 194000 A
0.2544 1 387000 T
0.2544 1 388000 T
0.2552 1 195000 A
0.2552 1 389000 T
0.2552 1 390000 T
0.256 1 196000 A
0.256 1 391000 T
0.256 1 392000 T
0.2568 1 197000 A
0.2568 1 393000 T
0.2568 1 394000 T
0.2576 1 198000 A
0.2576 1 395000 T
0.2576 1 396000 T
0.2584 1 199000 A
0.2584 1 397000 T
0.2584 1 398000 T
0.2592 1 200000 A
0.2592 1 399000 T
0.2592 1 400000 T
0.26 1 201000 A
0.26 1 401000 T
0.26 1 402000 T
0.2608 1 202000 A
0.2608 1 403000 T
0.2608 1 404000 T
0.2616 1 203000 A
0.2616 1 405000 T
0.2616 1 406000 T
0.2624 1 204000 A
0.2624 1 407000 T
0.2624 1 408000 T
0.2632 1 205000 A
0.2632 1 409000 T
0.2632 1 410000 T
0.264 1 206000 A
0.264 1 411000 T
0.264 1 412000 T
0.2648 1 207000 A
0.2648 1 413000 T
0.2648 1 414000 T
0.2656 1 208000 A
0.2656 1 415000 T
0.2656 1 416000 T
0.2664 1 209000 A
0.2664 1 417000 T
0.2664 1 418000 T
0.2672 1 210000 A
0.2672 1 419000 T
0.2672 1 420000 T
0.268 1 211000 A
0.268 1 421000 T
0.268 1 422000 T
0.2688 1 212000 A
0.2688 1 423000 T
0.2688 1 424000 T
0.2696 1 213000 A
0.2696 1 425000 T
0.2696 1 426000 T
0.2704 1 214000 A
0.2704 1 427000 T
0.2704 1 428000 T
0.2712 1 215000 A
0.2712 1 429000 T
0.2712 1 430000 T
0.272 1 216000 A
0.272 1 431000 T
0.272 1 432000 T
0.2728 1 217000 A
0.2728 1 433000 T
0.2728 1 434000 T
0.2736 1 218000 A
0.2736 1 435000 T
0.2736 1 436000 T
0.2744 1 219000 A
0.2744 1 437000 T
0.2744 1 438000 T
0.2752 1 220000 A
0.2752 1 439000 T
0.2752 1 440000 T
0.276 1 221000 A
0.276 1 441000 T
0.276 1 442000 T
0.2768 1 222000 A
0.2768 1 443000 T
0.2768 1 444000 T
0.2776 1 223000 A
0.2776 1 445000 T
0.2776 1 446000 T
0.2784 1 224000 A
0.2784 1 447000 T
0.2784 1 448000 T
0.2792 1 225000 A
0.2792 1 449000 T
0.2792 1 450000 T
0.28 1 226000 A
0.28 1 451000 T
0.28 1 452000 T
0.2808 1 227000 A
0.2808 1 453000 T
0.2808 1 454000 T
0.2816 1 228000 A
0.2816 1 455000 T
0.2816 1 456000 T
0.2824 1 229000 A
0.2824 1 457000 T
0.2824 1 458000 T
0.2832 1 230000 A
0.2832 1 459000 T
0.2832 1 460000 T
0.284 1 231000 A
0.284 1 461000 T
0.284 1 462000 T
0.2848 1 232000 A
0.2848 1 463000 T
0.2848 1 464000 T
0.2856 1 233000 A
0.2856 1 465000 T
0.2856 1 466000 T
0.2864 1 234000 A
0.2864 1 467000 T
0.2864 1 468000 T
0.2872 1 235000 A
0.2872 1 469000 T
0.2872 1 470000 T
0.288 1 236000 A
0.288 1 471000 T
0.288 1 472000 T
0.2888 1 237000 A
0.2888 1 473000 T
0.2888 1 474000 T
0.2896 1 238000 A
0.2896 1 475000 T
0.2896 1 476000 T
0.2904 1 239000 A
0.2904 1 477000 T
0.2904 1 478000 T
0.2912 1 240000 A
0.2912 1 479000 T
0.2912 1 480000 T
0.292 1 241000 A
0.292 1 481000 T
0.292 1 482000 T
0.2928 1 242000 A
0.2928 1 483000 T
0.2928 1 484000 T
0.2936 1 243000 A
0.2936 1 485000 T
0.2936 1 486000 T
0.2944 1 244000 A
0.2944 1 487000 T
0.2944 1 488000 T
0.2952 1 245000 A
0.2952 1 489000 T
0.2952 1 490000 T
0.296 1 246000 A
0.296 1 491000 T
0.296 1 492000 T
0.2968 1 247000 A
0.2968 1 493000 T
0.2968 1 494000 T
0.2976 1 248000 A
0.2976 1 495000 T
0.2976 1 496000 T
0.2984 1 249000 A
0.2984 1 497000 T
0.2984 1 498000 T
0.2992 1 250000 A
0.2992 1 499000 T
0.2992 1 500000 T
0.3 1 251000 A
0.3 1 501000 T
0.3 1 502000 T
0.3008 1 252000 A
0.3008 1 503000 T
0.3008 1 504000 T
0.3016 1 252000 A
0.3016 1 252000 A
0.3024 1 252000 A
0.3024 1 252000 A
0.3032 1 252000 A
0.3032 1 252000 A
0.3032 1 252000 X
0.3032 1 252000 T
0.304 1 252000 A
0.304 1 252000 A
0.3048 1 252000 A
0.3048 1 252000 A
0.3056 1 252000 A
0.3056 1 252000 A
0.3064 1 252000 A
0.3064 1 252000 A
0.3072 1 252000 A
0.3072 1 252000 A
0.308 1 252000 A
0.308 1 252000 A
0.3088 1 252000 A
0.3088 1 252000 A
0.3096 1 252000 A
0.3096 1 252000 A
0.3104 1 252000 A
0.3104 1 252000 A
0.3112 1 252000 A
0.3112 1 252000 A
0.312 1 252000 A
0.312 1 252000 A
0.3128 1 252000 A
0.3128 1 252000 A
0.3136 1 252000 A
0.3136 1 252000 A
0.3144 1 252000 A
0.3144 1 252000 A
0.3152 1 252000 A
0.3152 1 252000 A
0.316 1 252000 A
0.316 1 252000 A
0.3168 1 252000 A
0.3168 1 252000 A
0.3176 1 252000 A
0.3176 1 252000 A
0.3184 1 252000 A
0.3184 1 252000 A
0.3192 1 252000 A
0.3192 1 252000 A
0.32 1 252000 A
0.32 1 252000 A
0.3208 1 252000 A
0.3208 1 252000 A
0.3216 1 252000 A
0.3216 1 252000 A
0.3224 1 252000 A
0.3224 1 252000 A
0.3232 1 252000 A
0.3232 1 252000 A
0.324 1 252000 A
0.324 1 252000 A
0.3248 1 252000 A
0.3248 1 252000 A
0.3256 1 252000 A
0.3256 1 252000 A
0.3264 1 252000 A
0.3264 1 252000 A
0.3272 1 252000 A
0.3272 1 252000 A
0.328 1 252000 A
0.328 1 252000 A
0.3288 1 252000 A
0.3288 1 252000 A
0.3296 1 252000 A
0.3296 1 252000 A
0.3304 1 252000 A
0.3304 1 252000 A
0.3312 1 252000 A
0.3312 1 252000 A
0.332 1 252000 A
0.332 1 252000 A
0.3328 1 252000 A
0.3328 1 252000 A
0.3336 1 252000 A
0.3336 1 252000 A
0.3344 1 252000 A
0.3344 1 252000 A
0.3352 1 252000 A
0.3352 1 252000 A
0.336 1 252000 A
0.336 1 252000 A
0.3368 1 252000 A
0.3368 1 252000 A
0.3376 1 252000 A
0.3376 1 252000 A
0.3384 1 252000 A
0.3384 1 252000 A
0.3392 1 252000 A
0.3392 1 252000 A
0.34 1 252000 A
0.34 1 252000 A
0.3408 1 252000 A
0.3408 1 252000 A
0.3416 1 252000 A
0.3416 1 252000 A
0.3424 1 252000 A
0.3424 1 252000 A
0.3432 1 252000 A
0.3432 1 252000 A
0.344 1 252000 A
0.344 1 252000 A
0.3448 1 252000 A
0.3448 1 252000 A
0.3456 1 252000 A
0.3456 1 252000 A
0.3464 1 252000 A
0.3464 1 252000 A
0.3472 1 252000 A
0.3472 1 252000 A
0.348 1 252000 A
0.348 1 252000 A
0.3488 1 252000 A
0.3488 1 252000 A
0.3496 1 252000 A
0.3496 1 252000 A
0.3504 1 252000 A
0.3504 1 252000 A
0.3512 1 252000 A
0.3512 1 252000 A
0.352 1 252000 A
0.352 1 252000 A
0.3528 1 252000 A
0.3528 1 252000 A
0.3536 1 252000 A
0.3536 1 252000 A
0.3544 1 252000 A
0.3544 1 252000 A
0.3552 1 252000 A
0.3552 1 252000 A
0.356 1 252000 A
0.356 1 252000 A
0.3568 1 252000 A
0.3568 1 252000 A
0.3576 1 252000 A
0.3576 1 252000 A
0.3584 1 252000 A
0.3584 1 252000 A
0.3592 1 252000 A
0.3592 1 252000 A
0.36 1 252000 A
0.36 1 252000 A
0.3608 1 252000 A
0.3608 1 252000 A
0.3616 1 252000 A
0.3616 1 252000 A
0.3624 1 252000 A
0.3624 1 252000 A
0.3632 1 252000 A
0.3632 1 252000 A
0.364 1 252000 A
0.364 1 252000 A
0.3648 1 252000 A
0.3648 1 252000 A
0.3656 1 252000 A
0.3656 1 252000 A
0.3664 1 252000 A
0.3664 1 252000 A
0.3672 1 252000 A
0.3672 1 252000 A
0.368 1 252000 A
0.368 1 252000 A
0.3688 1 252000 A
0.3688 1 252000 A
0.3696 1 252000 A
0.3696 1 252000 A
0.3704 1 252000 A
0.3704 1 252000 A
0.3712 1 252000 A
0.3712 1 252000 A
0.372 1 252000 A
0.372 1 252000 A
0.3728 1 252000 A
0.3728 1 252000 A
0.3736 1 252000 A
0.3736 1 252000 A
0.3744 1 252000 A
0.3744 1 252000 A
0.3752 1 252000 A
0.3752 1 252000 A
0.376 1 252000 A
0.376 1 252000 A
0.3768 1 252000 A
0.3768 1 252000 A
0.3776 1 252000 A
0.3776 1 252000 A
0.3784 1 252000 A
0.3784 1 252000 A
0.3792 1 252000 A
0.3792 1 252000 A
0.38 1 252000 A
0.38 1 252000 A
0.3808 1 252000 A
0.3808 1 252000 A
0.3816 1 252000 A
0.3816 1 252000 A
0.3824 1 252000 A
0.3824 1 252000 A
0.3832 1 252000 A
0.3832 1 252000 A
0.384 1 252000 A
0.384 1 252000 A
0.3848 1 252000 A
0.3848 1 252000 A
0.3856 1 252000 A
0.3856 1 252000 A
0.3864 1 252000 A
0.3864 1 252000 A
0.3872 1 252000 A
0.3872 1 252000 A
0.388 1 252000 A
0.388 1 252000 A
0.3888 1 252000 A
0.3888 1 252000 A
0.3896 1 252000 A
0.3896 1 252000 A
0.3904 1 252000 A
0.3904 1 252000 A
0.3912 1 252000 A
0.3912 1 252000 A
0.392 1 252000 A
0.392 1 252000 A
0.3928 1 252000 A
0.3928 1 252000 A
0.3936 1 252000 A
0.3936 1 252000 A
0.3944 1 252000 A
0.3944 1 252000 A
0.3952 1 252000 A
0.3952 1 252000 A
0.396 1 252000 A
0.396 1 252000 A
0.3968 1 252000 A
0.3968 1 252000 A
0.3976 1 252000 A
0.3976 1 252000 A
0.3984 1 252000 A
0.3984 1 252000 A
0.3992 1 252000 A
0.3992 1 252000 A
0.4 1 252000 A
0.4 1 252000 A
0.4008 1 252000 A
0.4008 1 252000 A
0.4016 1 254000 A
0.4016 1 254000 T
0.4016 1 255000 T
0.4224 1 256000 A
0.4224 1 256000 T
0.4224 1 257000 T
0.4224 1 258000 T
0.4232 1 256000 A
0.4232 1 256000 A
0.4432 1 258000 A
0.4432 1 259000 T
0.4432 1 260000 T
0.4432 1 261000 T
0.444 1 258000 A
0.444 1 258000 A
0.4448 1 260000 A
0.4448 1 262000 T
0.4448 1 263000 T
0.4448 1 264000 T
0.464 1 260000 A
0.464 1 260000 A
0.4648 1 262000 A
0.4648 1 265000 T
0.4648 1 266000 T
0.4648 1 267000 T
0.4656 1 262000 A
0.4656 1 262000 A
0.4664 1 264000 A
0.4664 1 268000 T
0.4664 1 269000 T
0.4664 1 270000 T
0.4672 1 264000 A
0.4672 1 264000 A
0.468 1 266000 A
0.468 1 271000 T
0.468 1 272000 T
0.468 1 273000 T
0.4856 1 266000 A
0.4856 1 266000 A
0.4864 1 268000 A
0.4864 1 274000 T
0.4864 1 275000 T
0.4864 1 276000 T
0.4872 1 268000 A
0.4872 1 268000 A
0.488 1 270000 A
0.488 1 277000 T
0.488 1 278000 T
0.488 1 279000 T
0.4888 1 270000 A
0.4888 1 270000 A
0.4896 1 272000 A
0.4896 1 280000 T
0.4896 1 281000 T
0.4896 1 282000 T
0.4904 1 272000 A
0.4904 1 272000 A
0.4912 1 274000 A
0.4912 1 283000 T
0.4912 1 284000 T
0.4912 1 285000 T
0.492 1 274000 A
0.492 1 274000 A
0.5072 1 276000 A
0.5072 1 286000 T
0.5072 1 287000 T
0.5072 1 288000 T
0.508 1 276000 A
0.508 1 276000 A
0.5088 1 278000 A
0.5088 1 289000 T
0.5088 1 290000 T
0.5088 1 291000 T
0.5096 1 278000 A
0.5096 1 278000 A
0.5104 1 280000 A
0.5104 1 292000 T
0.5104 1 293000 T
0.5104 1 294000 T
0.5112 1 280000 A
0.5112 1 280000 A
0.512 1 282000 A
0.512 1 295000 T
0.512 1 296000 T
0.512 1 297000 T
0.5128 1 282000 A
0.5128 1 282000 A
0.5136 1 284000 A
0.5136 1 298000 T
0.5136 1 299000 T
0.5136 1 300000 T
0.5144 1 284000 A
0.5144 1 284000 A
0.5152 1 286000 A
0.5152 1 301000 T
0.5152 1 302000 T
0.5152 1 303000 T
0.516 1 286000 A
0.516 1 286000 A
0.528 1 288000 A
0.528 1 304000 T
0.528 1 305000 T
0.528 1 306000 T
0.5288 1 288000 A
0.5288 1 288000 A
0.5296 1 290000 A
0.5296 1 307000 T
0.5296 1 308000 T
0.5296 1 309000 T
0.5304 1 290000 A
0.5304 1 290000 A
0.5312 1 292000 A
0.5312 1 310000 T
0.5312 1 311000 T
0.5312 1 312000 T
0.532 1 292000 A
0.532 1 292000 A
0.5328 1 294000 A
0.5328 1 313000 T
0.5328 1 314000 T
0.5328 1 315000 T
0.5336 1 294000 A
0.5336 1 294000 A
0.5344 1 296000 A
0.5344 1 316000 T
0.5344 1 317000 T
0.5344 1 318000 T
0.5352 1 296000 A
0.5352 1 296000 A
0.536 1 298000 A
0.536 1 319000 T
0.536 1 320000 T
0.536 1 321000 T
0.5368 1 298000 A
0.5368 1 298000 A
0.5376 1 300000 A
0.5376 1 322000 T
0.5376 1 323000 T
0.5376 1 324000 T
0.5384 1 300000 A
0.5384 1 300000 A
0.5392 1 302000 A
0.5392 1 325000 T
0.5392 1 326000 T
0.5392 1 327000 T
0.54 1 302000 A
0.54 1 302000 A
0.5408 1 304000 A
0.5408 1 328000 T
0.5408 1 329000 T
0.5408 1 330000 T
0.5416 1 304000 A
0.5416 1 304000 A
0.5488 1 306000 A
0.5488 1 331000 T
0.5488 1 332000 T
0.5488 1 333000 T
0.5496 1 306000 A
0.5496 1 306000 A
0.5504 1 308000 A
0.5504 1 334000 T
0.5504 1 335000 T
0.5504 1 336000 T
0.5512 1 308000 A
0.5512 1 308000 A
0.552 1 310000 A
0.552 1 337000 T
0.552 1 338000 T
0.552 1 339000 T
0.5528 1 310000 A
0.5528 1 310000 A
0.5536 1 312000 A
0.5536 1 340000 T
0.5536 1 341000 T
0.5536 1 342000 T
0.5544 1 312000 A
0.5544 1 312000 A
0.5552 1 314000 A
0.5552 1 343000 T
0.5552 1 344000 T
0.5552 1 345000 T
0.556 1 314000 A
0.556 1 314000 A
0.5568 1 316000 A
0.5568 1 346000 T
0.5568 1 347000 T
0.5568 1 348000 T
0.5576 1 316000 A
0.5576 1 316000 A
0.5584 1 318000 A
0.5584 1 349000 T
0.5584 1 350000 T
0.5584 1 351000 T
0.5592 1 318000 A
0.5592 1 318000 A
0.56 1 320000 A
0.56 1 352000 T
0.56 1 353000 T
0.56 1 354000 T
0.5608 1 320000 A
0.5608 1 320000 A
0.5616 1 322000 A
0.5616 1 355000 T
0.5616 1 356000 T
0.5616 1 357000 T
0.5624 1 322000 A
0.5624 1 322000 A
0.5632 1 324000 A
0.5632 1 358000 T
0.5632 1 359000 T
0.5632 1 360000 T
0.564 1 324000 A
0.564 1 324000 A
0.5648 1 326000 A
0.5648 1 361000 T
0.5648 1 362000 T
0.5648 1 363000 T
0.5656 1 326000 A
0.5656 1 326000 A
0.5664 1 328000 A
0.5664 1 364000 T
0.5664 1 365000 T
0.5664 1 366000 T
0.5672 1 328000 A
0.5672 1 328000 A
0.568 1 330000 A
0.568 1 367000 T
0.568 1 368000 T
0.568 1 369000 T
0.5688 1 330000 A
0.5688 1 330000 A
0.5696 1 332000 A
0.5696 1 370000 T
0.5696 1 371000 T
0.5696 1 372000 T
0.5704 1 332000 A
0.5704 1 332000 A
0.5712 1 334000 A
0.5712 1 373000 T
0.5712 1 374000 T
0.5712 1 375000 T
0.572 1 334000 A
0.572 1 334000 A
0.5728 1 336000 A
0.5728 1 376000 T
0.5728 1 377000 T
0.5728 1 378000 T
0.5736 1 336000 A
0.5736 1 336000 A
0.5744 1 338000 A
0.5744 1 379000 T
0.5744 1 380000 T
0.5744 1 381000 T
0.5752 1 338000 A
0.5752 1 338000 A
0.576 1 340000 A
0.576 1 382000 T
0.576 1 383000 T
0.576 1 384000 T
0.5768 1 340000 A
0.5768 1 340000 A
0.5776 1 342000 A
0.5776 1 385000 T
0.5776 1 386000 T
0.5776 1 387000 T
0.5784 1 342000 A
0.5784 1 342000 A
0.5792 1 344000 A
0.5792 1 388000 T
0.5792 1 389000 T
0.5792 1 390000 T
0.58 1 344000 A
0.58 1 344000 A
0.5808 1 346000 A
0.5808 1 391000 T
0.5808 1 392000 T
0.5808 1 393000 T
0.5816 1 346000 A
0.5816 1 346000 A
0.5824 1 348000 A
0.5824 1 394000 T
0.5824 1 395000 T
0.5824 1 396000 T
0.5832 1 348000 A
0.5832 1 348000 A
0.584 1 350000 A
0.584 1 397000 T
0.584 1 398000 T
0.584 1 399000 T
0.5848 1 350000 A
0.5848 1 350000 A
0.5856 1 352000 A
0.5856 1 400000 T
0.5856 1 401000 T
0.5856 1 402000 T
0.5864 1 352000 A
0.5864 1 352000 A
0.5872 1 354000 A
0.5872 1 403000 T
0.5872 1 404000 T
0.5872 1 405000 T
0.588 1 354000 A
0.588 1 354000 A
0.5888 1 356000 A
0.5888 1 406000 T
0.5888 1 407000 T
0.5888 1 408000 T
0.5896 1 356000 A
0.5896 1 356000 A
0.5904 1 358000 A
0.5904 1 409000 T
0.5904 1 410000 T
0.5904 1 411000 T
0.5912 1 358000 A
0.5912 1 358000 A
0.592 1 360000 A
0.592 1 412000 T
0.592 1 413000 T
0.592 1 414000 T
0.5928 1 360000 A
0.5928 1 360000 A
0.5936 1 362000 A
0.5936 1 415000 T
0.5936 1 416000 T
0.5936 1 417000 T
0.5944 1 362000 A
0.5944 1 362000 A
0.5952 1 364000 A
0.5952 1 418000 T
0.5952 1 419000 T
0.5952 1 420000 T
0.596 1 364000 A
0.596 1 364000 A
0.5968 1 366000 A
0.5968 1 421000 T
0.5968 1 422000 T
0.5968 1 423000 T
0.5976 1 366000 A
0.5976 1 366000 A
0.5984 1 368000 A
0.5984 1 424000 T
0.5984 1 425000 T
0.5984 1 426000 T
0.5992 1 368000 A
0.5992 1 368000 A
0.6 1 370000 A
0.6 1 427000 T
0.6 1 428000 T
0.6 1 429000 T
0.6008 1 370000 A
0.6008 1 370000 A
0.6016 1 372000 A
0.6016 1 430000 T
0.6016 1 431000 T
0.6016 1 432000 T
0.6024 1 372000 A
0.6024 1 372000 A
0.6032 1 374000 A
0.6032 1 433000 T
0.6032 1 434000 T
0.6032 1 435000 T
0.604 1 374000 A
0.604 1 374000 A
0.6048 1 376000 A
0.6048 1 436000 T
0.6048 1 437000 T
0.6048 1 438000 T
0.6056 1 376000 A
0.6056 1 376000 A
0.6064 1 378000 A
0.6064 1 439000 T
0.6064 1 440000 T
0.6064 1 441000 T
0.6072 1 378000 A
0.6072 1 378000 A
0.608 1 380000 A
0.608 1 442000 T
0.608 1 443000 T
0.608 1 444000 T
0.6088 1 380000 A
0.6088 1 380000 A
0.6096 1 382000 A
0.6096 1 445000 T
0.6096 1 446000 T
0.6096 1 447000 T
0.6104 1 382000 A
0.6104 1 382000 A
0.6112 1 384000 A
0.6112 1 448000 T
0.6112 1 449000 T
0.6112 1 450000 T
0.612 1 384000 A
0.612 1 384000 A
0.6128 1 386000 A
0.6128 1 451000 T
0.6128 1 452000 T
0.6128 1 453000 T
0.6136 1 386000 A
0.6136 1 386000 A
0.6144 1 388000 A
0.6144 1 454000 T
0.6144 1 455000 T
0.6144 1 456000 T
0.6152 1 388000 A
0.6152 1 388000 A
0.616 1 389000 A
0.616 1 457000 T
0.616 1 458000 T
0.6168 1 390000 A
0.6168 1 459000 T
0.6168 1 460000 T
0.6176 1 392000 A
0.6176 1 461000 T
0.6176 1 462000 T
0.6176 1 463000 T
0.6184 1 392000 A
0.6184 1 392000 A
0.6192 1 394000 A
0.6192 1 464000 T
0.6192 1 465000 T
0.6192 1 466000 T
0.62 1 394000 A
0.62 1 394000 A
0.6208 1 396000 A
0.6208 1 467000 T
0.6208 1 468000 T
0.6208 1 469000 T
0.6216 1 396000 A
0.6216 1 396000 A
0.6224 1 398000 A
0.6224 1 470000 T
0.6224 1 471000 T
0.6224 1 472000 T
0.6232 1 398000 A
0.6232 1 398000 A
0.624 1 400000 A
0.624 1 473000 T
0.624 1 474000 T
0.624 1 475000 T
0.6248 1 400000 A
0.6248 1 400000 A
0.6256 1 402000 A
0.6256 1 476000 T
0.6256 1 477000 T
0.6256 1 478000 T
0.6264 1 402000 A
0.6264 1 402000 A
0.6272 1 404000 A
0.6272 1 479000 T
0.6272 1 480000 T
0.6272 1 481000 T
0.628 1 404000 A
0.628 1 404000 A
0.6288 1 406000 A
0.6288 1 482000 T
0.6288 1 483000 T
0.6288 1 484000 T
0.6296 1 406000 A
0.6296 1 406000 A
0.6304 1 408000 A
0.6304 1 485000 T
0.6304 1 486000 T
0.6304 1 487000 T
0.6312 1 408000 A
0.6312 1 408000 A
0.632 1 410000 A
0.632 1 488000 T
0.632 1 489000 T
0.632 1 490000 T
0.6328 1 410000 A
0.6328 1 410000 A
0.6336 1 412000 A
0.6336 1 491000 T
0.6336 1 492000 T
0.6336 1 493000 T
0.6344 1 412000 A
0.6344 1 412000 A
0.6352 1 414000 A
0.6352 1 494000 T
0.6352 1 495000 T
0.6352 1 496000 T
0.636 1 414000 A
0.636 1 414000 A
0.6368 1 416000 A
0.6368 1 497000 T
0.6368 1 498000 T
0.6368 1 499000 T
0.6376 1 416000 A
0.6376 1 416000 A
0.6384 1 418000 A
0.6384 1 500000 T
0.6384 1 501000 T
0.6384 1 502000 T
0.6392 1 418000 A
0.6392 1 418000 A
0.64 1 420000 A
0.64 1 503000 T
0.64 1 504000 T
0.64 1 505000 T
0.6408 1 420000 A
0.6408 1 420000 A
0.6416 1 422000 A
0.6416 1 506000 T
0.6416 1 507000 T
0.6416 1 508000 T
0.6424 1 422000 A
0.6424 1 422000 A
0.6432 1 424000 A
0.6432 1 509000 T
0.6432 1 510000 T
0.6432 1 511000 T
0.644 1 424000 A
0.644 1 424000 A
0.6448 1 426000 A
0.6448 1 512000 T
0.6448 1 513000 T
0.6448 1 514000 T
0.6456 1 426000 A
0.6456 1 426000 A
0.6464 1 428000 A
0.6464 1 515000 T
0.6464 1 516000 T
0.6464 1 517000 T
0.6472 1 428000 A
0.6472 1 428000 A
0.648 1 430000 A
0.648 1 518000 T
0.648 1 519000 T
0.648 1 520000 T
0.6488 1 430000 A
0.6488 1 430000 A
0.6496 1 432000 A
0.6496 1 521000 T
0.6496 1 522000 T
0.6496 1 523000 T
0.6504 1 432000 A
0.6504 1 432000 A
0.6512 1 434000 A
0.6512 1 524000 T
0.6512 1 525000 T
0.6512 1 526000 T
0.652 1 434000 A
0.652 1 434000 A
0.6528 1 436000 A
0.6528 1 527000 T
0.6528 1 528000 T
0.6528 1 529000 T
0.6536 1 436000 A
0.6536 1 436000 A
0.6544 1 438000 A
0.6544 1 530000 T
0.6544 1 531000 T
0.6544 1 532000 T
0.6552 1 438000 A
0.6552 1 438000 A
0.656 1 440000 A
0.656 1 533000 T
0.656 1 534000 T
0.656 1 535000 T
0.6568 1 440000 A
0.6568 1 440000 A
0.6576 1 442000 A
0.6576 1 536000 T
0.6576 1 537000 T
0.6576 1 538000 T
0.6584 1 442000 A
0.6584 1 442000 A
0.6592 1 444000 A
0.6592 1 539000 T
0.6592 1 540000 T
0.6592 1 541000 T
0.66 1 444000 A
0.66 1 444000 A
0.6608 1 446000 A
0.6608 1 542000 T
0.6608 1 543000 T
0.6608 1 544000 T
0.6616 1 446000 A
0.6616 1 446000 A
0.6624 1 448000 A
0.6624 1 545000 T
0.6624 1 546000 T
0.6624 1 547000 T
0.6632 1 448000 A
0.6632 1 448000 A
0.664 1 450000 A
0.664 1 548000 T
0.664 1 549000 T
0.664 1 550000 T
0.6648 1 450000 A
0.6648 1 450000 A
0.6656 1 452000 A
0.6656 1 551000 T
0.6656 1 552000 T
0.6656 1 553000 T
0.6664 1 452000 A
0.6664 1 452000 A
0.6672 1 454000 A
0.6672 1 554000 T
0.6672 1 555000 T
0.6672 1 556000 T
0.668 1 454000 A
0.668 1 454000 A
0.6688 1 456000 A
0.6688 1 557000 T
0.6688 1 558000 T
0.6688 1 559000 T
0.6696 1 456000 A
0.6696 1 456000 A
0.6704 1 458000 A
0.6704 1 560000 T
0.6704 1 561000 T
0.6704 1 562000 T
0.6712 1 458000 A
0.6712 1 458000 A
0.672 1 460000 A
0.672 1 563000 T
0.672 1 564000 T
0.672 1 565000 T
0.6728 1 460000 A
0.6728 1 460000 A
0.6736 1 462000 A
0.6736 1 566000 T
0.6736 1 567000 T
0.6736 1 568000 T
0.6744 1 462000 A
0.6744 1 462000 A
0.6752 1 464000 A
0.6752 1 569000 T
0.6752 1 570000 T
0.6752 1 571000 T
0.676 1 464000 A
0.676 1 464000 A
0.6768 1 466000 A
0.6768 1 572000 T
0.6768 1 573000 T
0.6768 1 574000 T
0.6776 1 466000 A
0.6776 1 466000 A
0.6784 1 468000 A
0.6784 1 575000 T
0.6784 1 576000 T
0.6784 1 577000 T
0.6792 1 468000 A
0.6792 1 468000 A
0.68 1 470000 A
0.68 1 578000 T
0.68 1 579000 T
0.68 1 580000 T
0.6808 1 470000 A
0.6808 1 470000 A
0.6816 1 472000 A
0.6816 1 581000 T
0.6816 1 582000 T
0.6816 1 583000 T
0.6824 1 472000 A
0.6824 1 472000 A
0.6832 1 474000 A
0.6832 1 584000 T
0.6832 1 585000 T
0.6832 1 586000 T
0.684 1 474000 A
0.684 1 474000 A
0.6848 1 476000 A
0.6848 1 587000 T
0.6848 1 588000 T
0.6848 1 589000 T
0.6856 1 476000 A
0.6856 1 476000 A
0.6864 1 478000 A
0.6864 1 590000 T
0.6864 1 591000 T
0.6864 1 592000 T
0.6872 1 478000 A
0.6872 1 478000 A
0.688 1 480000 A
0.688 1 593000 T
0.688 1 594000 T
0.688 1 595000 T
0.6888 1 480000 A
0.6888 1 480000 A
0.6896 1 482000 A
0.6896 1 596000 T
0.6896 1 597000 T
0.6896 1 598000 T
0.6904 1 482000 A
0.6904 1 482000 A
0.6912 1 484000 A
0.6912 1 599000 T
0.6912 1 600000 T
0.6912 1 601000 T
0.692 1 484000 A
0.692 1 484000 A
0.6928 1 486000 A
0.6928 1 602000 T
0.6928 1 603000 T
0.6928 1 604000 T
0.6936 1 486000 A
0.6936 1 486000 A
0.6944 1 488000 A
0.6944 1 605000 T
0.6944 1 606000 T
0.6944 1 607000 T
0.6952 1 488000 A
0.6952 1 488000 A
0.696 1 490000 A
0.696 1 608000 T
0.696 1 609000 T
0.696 1 610000 T
0.6968 1 490000 A
0.6968 1 490000 A
0.6976 1 492000 A
0.6976 1 611000 T
0.6976 1 612000 T
0.6976 1 613000 T
0.6984 1 492000 A
0.6984 1 492000 A
0.6992 1 494000 A
0.6992 1 614000 T
0.6992 1 615000 T
0.6992 1 616000 T
0.7 1 494000 A
0.7 1 494000 A
0.7008 1 496000 A
0.7008 1 617000 T
0.7008 1 618000 T
0.7008 1 619000 T
0.7016 1 496000 A
0.7016 1 496000 A
0.7024 1 498000 A
0.7024 1 620000 T
0.7024 1 621000 T
0.7024 1 622000 T
0.7032 1 498000 A
0.7032 1 498000 A
0.704 1 500000 A
0.704 1 623000 T
0.704 1 624000 T
0.704 1 625000 T
0.7048 1 500000 A
0.7048 1 500000 A
0.7056 1 502000 A
0.7056 1 626000 T
0.7056 1 627000 T
0.7056 1 628000 T
0.7064 1 502000 A
0.7064 1 502000 A
0.7072 1 504000 A
0.7072 1 629000 T
0.7072 1 630000 T
0.708 1 504000 A
0.708 1 504000 A
0.7088 1 505000 A
0.7088 1 631000 T
0.7096 1 506000 A
0.7096 1 632000 T
0.7104 1 507000 A
0.7104 1 633000 T
0.7112 1 508000 A
0.7112 1 634000 T
0.712 1 509000 A
0.712 1 635000 T
0.7128 1 510000 A
0.7128 1 636000 T
0.7136 1 511000 A
0.7136 1 637000 T
0.7144 1 512000 A
0.7144 1 638000 T
0.7152 1 513000 A
0.7152 1 639000 T
0.716 1 514000 A
0.716 1 640000 T
0.7168 1 515000 A
0.7168 1 641000 T
0.7176 1 516000 A
0.7176 1 642000 T
0.7184 1 517000 A
0.7184 1 643000 T
0.7192 1 518000 A
0.7192 1 644000 T
0.72 1 519000 A
0.72 1 645000 T
0.7208 1 520000 A
0.7208 1 646000 T
0.7216 1 521000 A
0.7216 1 647000 T
0.7224 1 522000 A
0.7224 1 648000 T
0.7232 1 523000 A
0.7232 1 649000 T
0.724 1 524000 A
0.724 1 650000 T
0.7248 1 525000 A
0.7248 1 651000 T
0.7256 1 526000 A
0.7256 1 652000 T
0.7264 1 527000 A
0.7264 1 653000 T
0.7272 1 528000 A
0.7272 1 654000 T
0.728 1 529000 A
0.728 1 655000 T
0.7288 1 530000 A
0.7288 1 656000 T
0.7296 1 531000 A
0.7296 1 657000 T
0.7304 1 532000 A
0.7304 1 658000 T
0.7312 1 533000 A
0.7312 1 659000 T
0.732 1 534000 A
0.732 1 660000 T
0.7328 1 535000 A
0.7328 1 661000 T
0.7336 1 536000 A
0.7336 1 662000 T
0.7344 1 537000 A
0.7344 1 663000 T
0.7352 1 538000 A
0.7352 1 664000 T
0.736 1 539000 A
0.736 1 665000 T
0.7368 1 540000 A
0.7368 1 666000 T
0.7376 1 541000 A
0.7376 1 667000 T
0.7384 1 542000 A
0.7384 1 668000 T
0.7392 1 543000 A
0.7392 1 669000 T
0.74 1 544000 A
0.74 1 670000 T
0.7408 1 545000 A
0.7408 1 671000 T
0.7416 1 546000 A
0.7416 1 672000 T
0.7424 1 547000 A
0.7424 1 673000 T
0.7432 1 548000 A
0.7432 1 674000 T
0.744 1 549000 A
0.744 1 675000 T
0.7448 1 550000 A
0.7448 1 676000 T
0.7456 1 551000 A
0.7456 1 677000 T
0.7464 1 552000 A
0.7464 1 678000 T
0.7472 1 553000 A
0.7472 1 679000 T
0.748 1 554000 A
0.748 1 680000 T
0.7488 1 555000 A
0.7488 1 681000 T
0.7496 1 556000 A
0.7496 1 682000 T
0.7504 1 557000 A
0.7504 1 683000 T
0.7512 1 558000 A
0.7512 1 684000 T
0.752 1 559000 A
0.752 1 685000 T
0.7528 1 560000 A
0.7528 1 686000 T
0.7536 1 561000 A
0.7536 1 687000 T
0.7544 1 562000 A
0.7544 1 688000 T
0.7552 1 563000 A
0.7552 1 689000 T
0.756 1 564000 A
0.756 1 690000 T
0.7568 1 565000 A
0.7568 1 691000 T
0.7576 1 566000 A
0.7576 1 692000 T
0.7584 1 567000 A
0.7584 1 693000 T
0.7592 1 568000 A
0.7592 1 694000 T
0.76 1 569000 A
0.76 1 695000 T
0.7608 1 570000 A
0.7608 1 696000 T
0.7616 1 571000 A
0.7616 1 697000 T
0.7624 1 572000 A
0.7624 1 698000 T
0.7632 1 573000 A
0.7632 1 699000 T
0.764 1 574000 A
0.764 1 700000 T
0.7648 1 575000 A
0.7648 1 701000 T
0.7656 1 576000 A
0.7656 1 702000 T
0.7664 1 577000 A
0.7664 1 703000 T
0.7672 1 578000 A
0.7672 1 704000 T
0.768 1 579000 A
0.768 1 705000 T
0.7688 1 580000 A
0.7688 1 706000 T
0.7696 1 581000 A
0.7696 1 707000 T
0.7704 1 582000 A
0.7704 1 708000 T
0.7712 1 583000 A
0.7712 1 709000 T
0.772 1 584000 A
0.772 1 710000 T
0.7728 1 585000 A
0.7728 1 711000 T
0.7736 1 586000 A
0.7736 1 712000 T
0.7744 1 587000 A
0.7744 1 713000 T
0.7752 1 588000 A
0.7752 1 714000 T
0.776 1 589000 A
0.776 1 715000 T
0.7768 1 590000 A
0.7768 1 716000 T
0.7776 1 591000 A
0.7776 1 717000 T
0.7784 1 592000 A
0.7784 1 718000 T
0.7792 1 593000 A
0.7792 1 719000 T
0.78 1 594000 A
0.78 1 720000 T
0.7808 1 595000 A
0.7808 1 721000 T
0.7816 1 596000 A
0.7816 1 722000 T
0.7824 1 597000 A
0.7824 1 723000 T
0.7832 1 598000 A
0.7832 1 724000 T
0.784 1 599000 A
0.784 1 725000 T
0.7848 1 600000 A
0.7848 1 726000 T
0.7856 1 601000 A
0.7856 1 727000 T
0.7864 1 602000 A
0.7864 1 728000 T
0.7872 1 603000 A
0.7872 1 729000 T
0.788 1 604000 A
0.788 1 730000 T
0.7888 1 605000 A
0.7888 1 731000 T
0.7896 1 606000 A
0.7896 1 732000 T
0.7904 1 607000 A
0.7904 1 733000 T
0.7912 1 608000 A
0.7912 1 734000 T
0.792 1 609000 A
0.792 1 735000 T
0.7928 1 610000 A
0.7928 1 736000 T
0.7936 1 611000 A
0.7936 1 737000 T
0.7944 1 612000 A
0.7944 1 738000 T
0.7952 1 613000 A
0.7952 1 739000 T
0.796 1 614000 A
0.796 1 740000 T
0.7968 1 615000 A
0.7968 1 741000 T
0.7976 1 616000 A
0.7976 1 742000 T
0.7984 1 617000 A
0.7984 1 743000 T
0.7992 1 618000 A
0.7992 1 744000 T
0.8 1 619000 A
0.8 1 745000 T
0.8008 1 620000 A
0.8008 1 746000 T
0.8016 1 621000 A
0.8016 1 747000 T
0.8024 1 622000 A
0.8024 1 748000 T
0.8032 1 622000 A
0.8032 1 622000 A
0.804 1 622000 A
0.804 1 622000 A
0.8048 1 622000 A
0.8048 1 622000 A
0.8048 1 622000 X
0.8048 1 622000 T
0.8056 1 622000 A
0.8056 1 622000 A
0.8064 1 622000 A
0.8064 1 622000 A
0.8072 1 622000 A
0.8072 1 622000 A
0.808 1 622000 A
0.808 1 622000 A
0.8088 1 622000 A
0.8088 1 622000 A
0.8096 1 622000 A
0.8096 1 622000 A
0.8104 1 622000 A
0.8104 1 622000 A
0.8112 1 622000 A
0.8112 1 622000 A
0.812 1 622000 A
0.812 1 622000 A
0.8128 1 622000 A
0.8128 1 622000 A
0.8136 1 622000 A
0.8136 1 622000 A
0.8144 1 622000 A
0.8144 1 622000 A
0.8152 1 622000 A
0.8152 1 622000 A
0.816 1 622000 A
0.816 1 622000 A
0.8168 1 622000 A
0.8168 1 622000 A
0.8176 1 622000 A
0.8176 1 622000 A
0.8184 1 622000 A
0.8184 1 622000 A
0.8192 1 622000 A
0.8192 1 622000 A
0.82 1 622000 A
0.82 1 622000 A
0.8208 1 622000 A
0.8208 1 622000 A
0.8216 1 622000 A
0.8216 1 622000 A
0.8224 1 622000 A
0.8224 1 622000 A
0.8232 1 622000 A
0.8232 1 622000 A
0.824 1 622000 A
0.824 1 622000 A
0.8248 1 622000 A
0.8248 1 622000 A
0.8256 1 622000 A
0.8256 1 622000 A
0.8264 1 622000 A
0.8264 1 622000 A
0.8272 1 622000 A
0.8272 1 622000 A
0.828 1 622000 A
0.828 1 622000 A
0.8288 1 622000 A
0.8288 1 622000 A
0.8296 1 622000 A
0.8296 1 622000 A
0.8304 1 622000 A
0.8304 1 622000 A
0.8312 1 622000 A
0.8312 1 622000 A
0.832 1 622000 A
0.832 1 622000 A
0.8328 1 622000 A
0.8328 1 622000 A
0.8336 1 622000 A
0.8336 1 622000 A
0.8344 1 622000 A
0.8344 1 622000 A
0.8352 1 622000 A
0.8352 1 622000 A
0.836 1 622000 A
0.836 1 622000 A
0.8368 1 622000 A
0.8368 1 622000 A
0.8376 1 622000 A
0.8376 1 622000 A
0.8384 1 622000 A
0.8384 1 622000 A
0.8392 1 622000 A
0.8392 1 622000 A
0.84 1 622000 A
0.84 1 622000 A
0.8408 1 622000 A
0.8408 1 622000 A
0.8416 1 622000 A
0.8416 1 622000 A
0.8424 1 622000 A
0.8424 1 622000 A
0.8432 1 622000 A
0.8432 1 622000 A
0.844 1 622000 A
0.844 1 622000 A
0.8448 1 622000 A
0.8448 1 622000 A
0.8456 1 622000 A
0.8456 1 622000 A
0.8464 1 622000 A
0.8464 1 622000 A
0.8472 1 622000 A
0.8472 1 622000 A
0.848 1 622000 A
0.848 1 622000 A
0.8488 1 622000 A
0.8488 1 622000 A
0.8496 1 622000 A
0.8496 1 622000 A
0.8504 1 622000 A
0.8504 1 622000 A
0.8512 1 622000 A
0.8512 1 622000 A
0.852 1 622000 A
0.852 1 622000 A
0.8528 1 622000 A
0.8528 1 622000 A
0.8536 1 622000 A
0.8536 1 622000 A
0.8544 1 622000 A
0.8544 1 622000 A
0.8552 1 622000 A
0.8552 1 622000 A
0.856 1 622000 A
0.856 1 622000 A
0.8568 1 622000 A
0.8568 1 622000 A
0.8576 1 622000 A
0.8576 1 622000 A
0.8584 1 622000 A
0.8584 1 622000 A
0.8592 1 622000 A
0.8592 1 622000 A
0.86 1 622000 A
0.86 1 622000 A
0.8608 1 622000 A
0.8608 1 622000 A
0.8616 1 622000 A
0.8616 1 622000 A
0.8624 1 622000 A
0.8624 1 622000 A
0.8632 1 622000 A
0.8632 1 622000 A
0.864 1 622000 A
0.864 1 622000 A
0.8648 1 622000 A
0.8648 1 622000 A
0.8656 1 622000 A
0.8656 1 622000 A
0.8664 1 622000 A
0.8664 1 622000 A
0.8672 1 622000 A
0.8672 1 622000 A
0.868 1 622000 A
0.868 1 622000 A
0.8688 1 622000 A
0.8688 1 622000 A
0.8696 1 622000 A
0.8696 1 622000 A
0.8704 1 622000 A
0.8704 1 622000 A
0.8712 1 622000 A
0.8712 1 622000 A
0.872 1 622000 A
0.872 1 622000 A
0.8728 1 622000 A
0.8728 1 622000 A
0.8736 1 622000 A
0.8736 1 622000 A
0.8744 1 622000 A
0.8744 1 622000 A
0.8752 1 622000 A
0.8752 1 622000 A
0.876 1 622000 A
0.876 1 622000 A
0.8768 1 622000 A
0.8768 1 622000 A
0.8776 1 622000 A
0.8776 1 622000 A
0.8784 1 622000 A
0.8784 1 622000 A
0.8792 1 622000 A
0.8792 1 622000 A
0.88 1 622000 A
0.88 1 622000 A
0.8808 1 622000 A
0.8808 1 622000 A
0.8816 1 622000 A
0.8816 1 622000 A
0.8824 1 622000 A
0.8824 1 622000 A
0.8832 1 622000 A
0.8832 1 622000 A
0.884 1 622000 A
0.884 1 622000 A
0.8848 1 622000 A
0.8848 1 622000 A
0.8856 1 622000 A
0.8856 1 622000 A
0.8864 1 622000 A
0.8864 1 622000 A
0.8872 1 622000 A
0.8872 1 622000 A
0.888 1 622000 A
0.888 1 622000 A
0.8888 1 622000 A
0.8888 1 622000 A
0.8896 1 622000 A
0.8896 1 622000 A
0.8904 1 622000 A
0.8904 1 622000 A
0.8912 1 622000 A
0.8912 1 622000 A
0.892 1 622000 A
0.892 1 622000 A
0.8928 1 622000 A
0.8928 1 622000 A
0.8936 1 622000 A
0.8936 1 622000 A
0.8944 1 622000 A
0.8944 1 622000 A
0.8952 1 622000 A
0.8952 1 622000 A
0.896 1 622000 A
0.896 1 622000 A
0.8968 1 622000 A
0.8968 1 622000 A
0.8976 1 622000 A
0.8976 1 622000 A
0.8984 1 622000 A
0.8984 1 622000 A
0.8992 1 622000 A
0.8992 1 622000 A
0.9 1 622000 A
0.9 1 622000 A
0.9008 1 622000 A
0.9008 1 622000 A
0.9016 1 622000 A
0.9016 1 622000 A
0.9024 1 625000 A
0.9024 1 625000 T
0.9024 1 626000 T
0.9232 1 628000 A
0.9232 1 628000 T
0.9232 1 629000 T
0.9232 1 630000 T
0.924 1 628000 A
0.924 1 628000 A
0.944 1 749000 A
0.944 1 749000 T
0.944 1 750000 T
0.944 1 751000 T
0.944 1 752000 T
0.9448 1 749000 A
0.9448 1 749000 A
0.9456 1 749000 A
0.9456 1 749000 A
0.9648 1 750000 A
0.9648 1 753000 T
0.9648 1 754000 T
0.9656 1 751000 A
0.9656 1 755000 T
0.9656 1 756000 T
0.9664 1 752000 A
0.9664 1 757000 T
0.9664 1 758000 T
0.9672 1 753000 A
0.9672 1 759000 T
0.9672 1 760000 T
0.9856 1 754000 A
0.9856 1 761000 T
0.9856 1 762000 T
0.9864 1 755000 A
0.9864 1 763000 T
0.9864 1 764000 T
0.9872 1 756000 A
0.9872 1 765000 T
0.9872 1 766000 T
0.988 1 757000 A
0.988 1 767000 T
0.988 1 768000 T
0.9888 1 758000 A
0.9888 1 769000 T
0.9888 1 770000 T
0.9896 1 759000 A
0.9896 1 771000 T
0.9896 1 772000 T
0.9904 1 760000 A
0.9904 1 773000 T
0.9904 1 774000 T
0.9912 1 761000 A
0.9912 1 775000 T
0.9912 1 776000 T
1.0064 1 762000 A
1.0064 1 777000 T
1.0064 1 778000 T
1.0072 1 763000 A
1.0072 1 779000 T
1.0072 1 780000 T
1.008 1 764000 A
1.008 1 781000 T
1.008 1 782000 T
1.0088 1 765000 A
1.0088 1 783000 T
1.0088 1 784000 T
1.0096 1 766000 A
1.0096 1 785000 T
1.0096 1 786000 T
1.0104 1 767000 A
1.0104 1 787000 T
1.0104 1 788000 T
1.0112 1 768000 A
1.0112 1 789000 T
1.0112 1 790000 T
1.012 1 769000 A
1.012 1 791000 T
1.012 1 792000 T
1.0128 1 770000 A
1.0128 1 793000 T
1.0128 1 794000 T
1.0136 1 771000 A
1.0136 1 795000 T
1.0136 1 796000 T
1.0144 1 772000 A
1.0144 1 797000 T
1.0144 1 798000 T
1.0152 1 773000 A
1.0152 1 799000 T
1.0152 1 800000 T
1.016 1 774000 A
1.016 1 801000 T
1.016 1 802000 T
1.0168 1 775000 A
1.0168 1 803000 T
1.0168 1 804000 T
1.0176 1 776000 A
1.0176 1 805000 T
1.0176 1 806000 T
1.0184 1 777000 A
1.0184 1 807000 T
1.0184 1 808000 T
1.0272 1 778000 A
1.0272 1 809000 T
1.0272 1 810000 T
1.028 1 779000 A
1.028 1 811000 T
1.028 1 812000 T
1.0288 1 780000 A
1.0288 1 813000 T
1.0288 1 814000 T
1.0296 1 781000 A
1.0296 1 815000 T
1.0296 1 816000 T
1.0304 1 782000 A
1.0304 1 817000 T
1.0304 1 818000 T
1.0312 1 783000 A
1.0312 1 819000 T
1.0312 1 820000 T
1.032 1 784000 A
1.032 1 821000 T
1.032 1 822000 T
1.0328 1 785000 A
1.0328 1 823000 T
1.0328 1 824000 T
1.0336 1 786000 A
1.0336 1 825000 T
1.0336 1 826000 T
1.0344 1 787000 A
1.0344 1 827000 T
1.0344 1 828000 T
1.0352 1 788000 A
1.0352 1 829000 T
1.0352 1 830000 T
1.036 1 789000 A
1.036 1 831000 T
1.036 1 832000 T
1.0368 1 790000 A
1.0368 1 833000 T
1.0368 1 834000 T
1.0376 1 791000 A
1.0376 1 835000 T
1.0376 1 836000 T
1.0384 1 792000 A
1.0384 1 837000 T
1.0384 1 838000 T
1.0392 1 793000 A
1.0392 1 839000 T
1.0392 1 840000 T
1.04 1 794000 A
1.04 1 841000 T
1.04 1 842000 T
1.0408 1 795000 A
1.0408 1 843000 T
1.0408 1 844000 T
1.0416 1 796000 A
1.0416 1 845000 T
1.0416 1 846000 T
1.0424 1 797000 A
1.0424 1 847000 T
1.0424 1 848000 T
1.0432 1 798000 A
1.0432 1 849000 T
1.0432 1 850000 T
1.044 1 799000 A
1.044 1 851000 T
1.044 1 852000 T
1.0448 1 800000 A
1.0448 1 853000 T
1.0448 1 854000 T
1.0456 1 801000 A
1.0456 1 855000 T
1.0456 1 856000 T
1.0464 1 802000 A
1.0464 1 857000 T
1.0464 1 858000 T
1.0472 1 803000 A
1.0472 1 859000 T
1.0472 1 860000 T
1.048 1 804000 A
1.048 1 861000 T
1.048 1 862000 T
1.0488 1 805000 A
1.0488 1 863000 T
1.0488 1 864000 T
1.0496 1 806000 A
1.0496 1 865000 T
1.0496 1 866000 T
1.0504 1 807000 A
1.0504 1 867000 T
1.0504 1 868000 T
1.0512 1 808000 A
1.0512 1 869000 T
1.0512 1 870000 T
1.052 1 809000 A
1.052 1 871000 T
1.052 1 872000 T
1.0528 1 810000 A
1.0528 1 873000 T
1.0536 1 811000 A
1.0536 1 874000 T
1.0544 1 812000 A
1.0544 1 875000 T
1.0552 1 813000 A
1.0552 1 876000 T
1.056 1 814000 A
1.056 1 877000 T
1.0568 1 815000 A
1.0568 1 878000 T
1.0576 1 816000 A
1.0576 1 879000 T
1.0584 1 817000 A
1.0584 1 880000 T
1.0592 1 818000 A
1.0592 1 881000 T
1.06 1 819000 A
1.06 1 882000 T
1.0608 1 820000 A
1.0608 1 883000 T
1.0616 1 821000 A
1.0616 1 884000 T
1.0624 1 822000 A
1.0624 1 885000 T
1.0632 1 823000 A
1.0632 1 886000 T
1.064 1 824000 A
1.064 1 887000 T
1.0648 1 825000 A
1.0648 1 888000 T
1.0656 1 826000 A
1.0656 1 889000 T
1.0664 1 827000 A
1.0664 1 890000 T
1.0672 1 828000 A
1.0672 1 891000 T
1.068 1 829000 A
1.068 1 892000 T
1.0688 1 830000 A
1.0688 1 893000 T
1.0696 1 831000 A
1.0696 1 894000 T
1.0704 1 832000 A
1.0704 1 895000 T
1.0712 1 833000 A
1.0712 1 896000 T
1.072 1 834000 A
1.072 1 897000 T
1.0728 1 835000 A
1.0728 1 898000 T
1.0736 1 836000 A
1.0736 1 899000 T
1.0744 1 837000 A
1.0744 1 900000 T
1.0752 1 838000 A
1.0752 1 901000 T
1.076 1 839000 A
1.076 1 902000 T
1.0768 1 840000 A
1.0768 1 903000 T
1.0776 1 841000 A
1.0776 1 904000 T
1.0784 1 842000 A
1.0784 1 905000 T
1.0792 1 843000 A
1.0792 1 906000 T
1.08 1 844000 A
1.08 1 907000 T
1.0808 1 845000 A
1.0808 1 908000 T
1.0816 1 846000 A
1.0816 1 909000 T
1.0824 1 847000 A
1.0824 1 910000 T
1.0832 1 848000 A
1.0832 1 911000 T
1.084 1 849000 A
1.084 1 912000 T
1.0848 1 850000 A
1.0848 1 913000 T
1.0856 1 851000 A
1.0856 1 914000 T
1.0864 1 852000 A
1.0864 1 915000 T
1.0872 1 853000 A
1.0872 1 916000 T
1.088 1 854000 A
1.088 1 917000 T
1.0888 1 855000 A
1.0888 1 918000 T
1.0896 1 856000 A
1.0896 1 919000 T
1.0904 1 857000 A
1.0904 1 920000 T
1.0912 1 858000 A
1.0912 1 921000 T
1.092 1 859000 A
1.092 1 922000 T
1.0928 1 860000 A
1.0928 1 923000 T
1.0936 1 861000 A
1.0936 1 924000 T
1.0944 1 862000 A
1.0944 1 925000 T
1.0952 1 863000 A
1.0952 1 926000 T
1.096 1 864000 A
1.096 1 927000 T
1.0968 1 865000 A
1.0968 1 928000 T
1.0976 1 866000 A
1.0976 1 929000 T
1.0984 1 867000 A
1.0984 1 930000 T
1.0992 1 868000 A
1.0992 1 931000 T
1.1 1 869000 A
1.1 1 932000 T
1.1008 1 870000 A
1.1008 1 933000 T
1.1016 1 871000 A
1.1016 1 934000 T
1.1024 1 872000 A
1.1024 1 935000 T
1.1032 1 873000 A
1.1032 1 936000 T
1.104 1 874000 A
1.104 1 937000 T
1.1048 1 875000 A
1.1048 1 938000 T
1.1056 1 876000 A
1.1056 1 939000 T
1.1056 1 940000 T
1.1064 1 877000 A
1.1064 1 941000 T
1.1072 1 878000 A
1.1072 1 942000 T
1.108 1 879000 A
1.108 1 943000 T
1.1088 1 880000 A
1.1088 1 944000 T
1.1096 1 881000 A
1.1096 1 945000 T
1.1104 1 882000 A
1.1104 1 946000 T
1.1112 1 883000 A
1.1112 1 947000 T
1.112 1 884000 A
1.112 1 948000 T
1.1128 1 885000 A
1.1128 1 949000 T
1.1136 1 886000 A
1.1136 1 950000 T
1.1144 1 887000 A
1.1144 1 951000 T
1.1152 1 888000 A
1.1152 1 952000 T
1.116 1 889000 A
1.116 1 953000 T
1.1168 1 890000 A
1.1168 1 954000 T
1.1176 1 891000 A
1.1176 1 955000 T
1.1184 1 892000 A
1.1184 1 956000 T
1.1192 1 893000 A
1.1192 1 957000 T
1.12 1 894000 A
1.12 1 958000 T
1.1208 1 895000 A
1.1208 1 959000 T
1.1216 1 896000 A
1.1216 1 960000 T
1.1224 1 897000 A
1.1224 1 961000 T
1.1232 1 898000 A
1.1232 1 962000 T
1.124 1 899000 A
1.124 1 963000 T
1.1248 1 900000 A
1.1248 1 964000 T
1.1256 1 901000 A
1.1256 1 965000 T
1.1264 1 902000 A
1.1264 1 966000 T
1.1272 1 903000 A
1.1272 1 967000 T
1.128 1 904000 A
1.128 1 968000 T
1.1288 1 905000 A
1.1288 1 969000 T
1.1296 1 906000 A
1.1296 1 970000 T
1.1304 1 907000 A
1.1304 1 971000 T
1.1312 1 908000 A
1.1312 1 972000 T
1.132 1 909000 A
1.132 1 973000 T
1.1328 1 910000 A
1.1328 1 974000 T
1.1336 1 911000 A
1.1336 1 975000 T
1.1344 1 912000 A
1.1344 1 976000 T
1.1352 1 913000 A
1.1352 1 977000 T
1.136 1 914000 A
1.136 1 978000 T
1.1368 1 915000 A
1.1368 1 979000 T
1.1376 1 916000 A
1.1376 1 980000 T
1.1384 1 917000 A
1.1384 1 981000 T
1.1392 1 918000 A
1.1392 1 982000 T
1.14 1 919000 A
1.14 1 983000 T
1.1408 1 920000 A
1.1408 1 984000 T
1.1416 1 921000 A
1.1416 1 985000 T
1.1424 1 922000 A
1.1424 1 986000 T
1.1432 1 923000 A
1.1432 1 987000 T
1.144 1 924000 A
1.144 1 988000 T
1.1448 1 925000 A
1.1448 1 989000 T
1.1456 1 926000 A
1.1456 1 990000 T
1.1464 1 927000 A
1.1464 1 991000 T
1.1472 1 928000 A
1.1472 1 992000 T
1.148 1 929000 A
1.148 1 993000 T
1.1488 1 930000 A
1.1488 1 994000 T
1.1496 1 931000 A
1.1496 1 995000 T
1.1504 1 932000 A
1.1504 1 996000 T
1.1512 1 933000 A
1.1512 1 997000 T
1.152 1 934000 A
1.152 1 998000 T
1.1528 1 935000 A
1.1528 1 999000 T
1.1536 1 936000 A
1.1536 1 1000000 T
1.1544 1 937000 A
1.1552 1 938000 A
1.156 1 939000 A
1.1568 1 940000 A
1.1576 1 941000 A
1.1584 1 942000 A
1.1592 1 943000 A
1.16 1 944000 A
1.1608 1 945000 A
1.1616 1 946000 A
1.1624 1 947000 A
1.1632 1 948000 A
1.164 1 949000 A
1.1648 1 950000 A
1.1656 1 951000 A
1.1664 1 952000 A
1.1672 1 953000 A
1.168 1 954000 A
1.1688 1 955000 A
1.1696 1 956000 A
1.1704 1 957000 A
1.1712 1 958000 A
1.172 1 959000 A
1.1728 1 960000 A
1.1736 1 961000 A
1.1744 1 962000 A
1.1752 1 963000 A
1.176 1 964000 A
1.1768 1 965000 A
1.1776 1 966000 A
1.1784 1 967000 A
1.1792 1 968000 A
1.18 1 969000 A
1.1808 1 970000 A
1.1816 1 971000 A
1.1824 1 972000 A
1.1832 1 973000 A
1.184 1 974000 A
1.1848 1 975000 A
1.1856 1 976000 A
1.1864 1 977000 A
1.1872 1 978000 A
1.188 1 979000 A
1.1888 1 980000 A
1.1896 1 981000 A
1.1904 1 982000 A
1.1912 1 983000 A
1.192 1 984000 A
1.1928 1 985000 A
1.1936 1 986000 A
1.1944 1 987000 A
1.1952 1 988000 A
1.196 1 989000 A
1.1968 1 990000 A
1.1976 1 991000 A
1.1984 1 992000 A
1.1992 1 993000 A
1.2 1 994000 A
1.2008 1 995000 A
1.2016 1 996000 A
1.2024 1 997000 A
1.2032 1 998000 A
1.204 1 999000 A
1.2048 1 1000000 A
1.2048008 1 1000001 A
