0.0208 1 2000
0.0416 1 3000
0.0424 1 4000
0.0624 1 5000
0.0632 1 6000
0.064 1 7000
0.0648 1 8000
0.0832 1 9000
0.084 1 10000
0.0848 1 11000
0.0856 1 12000
0.0864 1 13000
0.0872 1 14000
0.088 1 15000
0.0888 1 16000
0.104 1 17000
0.1048 1 18000
0.1056 1 19000
0.1064 1 20000
0.1072 1 21000
0.108 1 22000
0.1088 1 23000
0.1096 1 24000
0.1104 1 25000
0.1112 1 26000
0.112 1 27000
0.1128 1 28000
0.1136 1 29000
0.1144 1 30000
0.1152 1 31000
0.116 1 32000
0.1248 1 33000
0.1256 1 34000
0.1264 1 35000
0.1272 1 36000
0.128 1 37000
0.1288 1 38000
0.1296 1 39000
0.1304 1 40000
0.1312 1 41000
0.132 1 42000
0.1328 1 43000
0.1336 1 44000
0.1344 1 45000
0.1352 1 46000
0.136 1 47000
0.1368 1 48000
0.1376 1 49000
0.1384 1 50000
0.1392 1 51000
0.14 1 52000
0.1408 1 53000
0.1416 1 54000
0.1424 1 55000
0.1432 1 56000
0.144 1 57000
0.1448 1 58000
0.1456 1 59000
0.1464 1 60000
0.1472 1 61000
0.148 1 62000
0.1488 1 63000
0.1496 1 64000
0.1504 1 65000
0.1512 1 66000
0.152 1 67000
0.1528 1 68000
0.1536 1 69000
0.1544 1 70000
0.1552 1 71000
0.156 1 72000
0.1568 1 73000
0.1576 1 74000
0.1584 1 75000
0.1592 1 76000
0.16 1 77000
0.1608 1 78000
0.1616 1 79000
0.1624 1 80000
0.1632 1 81000
0.164 1 82000
0.1648 1 83000
0.1656 1 84000
0.1664 1 85000
0.1672 1 86000
0.168 1 87000
0.1688 1 88000
0.1696 1 89000
0.1704 1 90000
0.1712 1 91000
0.172 1 92000
0.1728 1 93000
0.1736 1 94000
0.1744 1 95000
0.1752 1 96000
0.176 1 97000
0.1768 1 98000
0.1776 1 99000
0.1784 1 100000
0.1792 1 101000
0.18 1 102000
0.1808 1 103000
0.1816 1 104000
0.1824 1 105000
0.1832 1 106000
0.184 1 107000
0.1848 1 108000
0.1856 1 109000
0.1864 1 110000
0.1872 1 111000
0.188 1 112000
0.1888 1 113000
0.1896 1 114000
0.1904 1 115000
0.1912 1 116000
0.192 1 117000
0.1928 1 118000
0.1936 1 119000
0.1944 1 120000
0.1952 1 121000
0.196 1 122000
0.1968 1 123000
0.1976 1 124000
0.1984 1 125000
0.1992 1 126000
0.2 1 127000
0.2008 1 128000
0.2016 1 129000
0.2024 1 130000
0.2032 1 131000
0.204 1 132000
0.2048 1 133000
0.2056 1 134000
0.2064 1 135000
0.2072 1 136000
0.208 1 137000
0.2088 1 138000
0.2096 1 139000
0.2104 1 140000
0.2112 1 141000
0.212 1 142000
0.2128 1 143000
0.2136 1 144000
0.2144 1 145000
0.2152 1 146000
0.216 1 147000
0.2168 1 148000
0.2176 1 149000
0.2184 1 150000
0.2192 1 150000
0.22 1 150000
0.2208 1 150000
0.2216 1 150000
0.2224 1 150000
0.2232 1 150000
0.224 1 150000
0.2248 1 150000
0.2256 1 150000
0.2264 1 150000
0.2272 1 150000
0.228 1 150000
0.2288 1 150000
0.2296 1 150000
0.2304 1 150000
0.2312 1 150000
0.232 1 150000
0.2328 1 150000
0.2336 1 150000
0.2344 1 150000
0.2352 1 150000
0.236 1 150000
0.2368 1 150000
0.2376 1 150000
0.2384 1 150000
0.2392 1 150000
0.24 1 150000
0.2408 1 150000
0.2416 1 150000
0.2424 1 150000
0.2432 1 150000
0.244 1 150000
0.2448 1 150000
0.2456 1 150000
0.2464 1 150000
0.2472 1 150000
0.248 1 150000
0.2488 1 150000
0.2496 1 150000
0.2504 1 150000
0.2512 1 150000
0.252 1 150000
0.2528 1 150000
0.2536 1 150000
0.2544 1 150000
0.2552 1 150000
0.256 1 150000
0.2568 1 150000
0.2576 1 150000
0.2584 1 150000
0.2592 1 150000
0.26 1 150000
0.2608 1 150000
0.2616 1 150000
0.2624 1 150000
0.2632 1 150000
0.264 1 150000
0.2648 1 150000
0.2656 1 150000
0.2664 1 150000
0.2672 1 150000
0.268 1 150000
0.2688 1 150000
0.2696 1 150000
0.2704 1 150000
0.2712 1 150000
0.272 1 150000
0.2728 1 150000
0.2736 1 150000
0.2744 1 150000
0.2752 1 150000
0.276 1 150000
0.2768 1 150000
0.2776 1 150000
0.2784 1 150000
0.2792 1 150000
0.28 1 150000
0.2808 1 150000
0.2816 1 150000
0.2824 1 150000
0.2832 1 150000
0.284 1 150000
0.2848 1 150000
0.2856 1 150000
0.2864 1 150000
0.2872 1 150000
0.288 1 150000
0.2888 1 150000
0.2896 1 150000
0.2904 1 150000
0.2912 1 150000
0.292 1 150000
0.2928 1 150000
0.2936 1 150000
0.2944 1 150000
0.2952 1 150000
0.296 1 150000
0.2968 1 150000
0.2976 1 150000
0.2984 1 150000
0.2992 1 150000
0.3 1 150000
0.3008 1 150000
0.3032 1 1000
0.4016 1 2000
0.4224 1 3000
0.4432 1 4000
0.4448 1 5000
0.4648 1 6000
0.4664 1 7000
0.468 1 8000
0.4864 1 9000
0.488 1 10000
0.4896 1 11000
0.4912 1 12000
0.5072 1 13000
0.5088 1 14000
0.5104 1 15000
0.512 1 16000
0.5136 1 17000
0.5152 1 18000
0.528 1 19000
0.5296 1 20000
0.5312 1 21000
0.5328 1 22000
0.5344 1 23000
0.536 1 24000
0.5376 1 25000
0.54 1 1000
0.5632 1 2000
0.5656 1 1000
0.584 1 2000
0.5848 1 3000
0.6056 1 4000
0.6064 1 5000
0.6072 1 6000
0.6264 1 7000
0.6272 1 8000
0.628 1 9000
0.6288 1 10000
0.6296 1 11000
0.6304 1 12000
0.6472 1 13000
0.648 1 14000
0.6488 1 15000
0.6496 1 16000
0.6504 1 17000
0.6512 1 18000
0.652 1 19000
0.6528 1 20000
0.6536 1 21000
0.6544 1 22000
0.6552 1 23000
0.656 1 24000
0.668 1 25000
0.6688 1 26000
0.6696 1 27000
0.6704 1 28000
0.6712 1 29000
0.672 1 30000
0.6728 1 31000
0.6736 1 32000
0.6744 1 33000
0.6752 1 34000
0.676 1 35000
0.6768 1 36000
0.6776 1 37000
0.6784 1 38000
0.6792 1 39000
0.68 1 40000
0.6808 1 41000
0.6816 1 42000
0.6824 1 43000
0.6832 1 44000
0.684 1 45000
0.6848 1 46000
0.6856 1 47000
0.6864 1 48000
0.6888 1 49000
0.6896 1 50000
0.6904 1 51000
0.6912 1 52000
0.692 1 53000
0.6928 1 54000
0.6936 1 55000
0.6944 1 56000
0.6952 1 57000
0.696 1 58000
0.6968 1 59000
0.6976 1 60000
0.6984 1 61000
0.6992 1 62000
0.7 1 63000
0.7008 1 64000
0.7016 1 65000
0.7024 1 66000
0.7032 1 67000
0.704 1 68000
0.7048 1 69000
0.7056 1 70000
0.7064 1 71000
0.7072 1 72000
0.708 1 73000
0.7088 1 74000
0.7096 1 75000
0.7104 1 76000
0.7112 1 77000
0.712 1 78000
0.7128 1 79000
0.7136 1 80000
0.7144 1 81000
0.7152 1 82000
0.716 1 83000
0.7168 1 84000
0.7176 1 85000
0.7184 1 86000
0.7192 1 87000
0.72 1 88000
0.7208 1 89000
0.7216 1 90000
0.7224 1 91000
0.7232 1 92000
0.724 1 93000
0.7248 1 94000
0.7256 1 95000
0.7264 1 96000
0.7272 1 97000
0.728 1 98000
0.7288 1 99000
0.7296 1 100000
0.7304 1 101000
0.7312 1 102000
0.732 1 103000
0.7328 1 104000
0.7336 1 105000
0.7344 1 106000
0.7352 1 107000
0.736 1 108000
0.7368 1 109000
0.7376 1 110000
0.7384 1 111000
0.7392 1 112000
0.74 1 113000
0.7408 1 114000
0.7416 1 115000
0.7424 1 116000
0.7432 1 117000
0.744 1 118000
0.7448 1 119000
0.7456 1 120000
0.7464 1 121000
0.7472 1 122000
0.748 1 123000
0.7488 1 124000
0.7496 1 125000
0.7504 1 126000
0.7512 1 127000
0.752 1 128000
0.7528 1 129000
0.7536 1 130000
0.7544 1 131000
0.7552 1 132000
0.756 1 133000
0.7568 1 134000
0.7576 1 135000
0.7584 1 136000
0.7592 1 137000
0.76 1 138000
0.7608 1 139000
0.7616 1 140000
0.7624 1 141000
0.7632 1 142000
0.764 1 143000
0.7648 1 144000
0.7656 1 145000
0.7664 1 146000
0.7672 1 147000
0.768 1 147000
0.7688 1 147000
0.7696 1 147000
0.7704 1 147000
0.7712 1 147000
0.772 1 147000
0.7728 1 147000
0.7736 1 147000
0.7744 1 147000
0.7752 1 147000
0.776 1 147000
0.7768 1 147000
0.7776 1 147000
0.7784 1 147000
0.7792 1 147000
0.78 1 147000
0.7808 1 147000
0.7816 1 147000
0.7824 1 147000
0.7832 1 147000
0.784 1 147000
0.7848 1 147000
0.7856 1 147000
0.7864 1 147000
0.7872 1 147000
0.788 1 147000
0.7888 1 147000
0.7896 1 147000
0.7904 1 147000
0.7912 1 147000
0.792 1 147000
0.7928 1 147000
0.7936 1 147000
0.7944 1 147000
0.7952 1 147000
0.796 1 147000
0.7968 1 147000
0.7976 1 147000
0.7984 1 147000
0.7992 1 147000
0.8 1 147000
0.8008 1 147000
0.8016 1 147000
0.8024 1 147000
0.8032 1 147000
0.804 1 147000
0.8048 1 147000
0.8056 1 147000
0.8064 1 147000
0.8072 1 147000
0.808 1 147000
0.8088 1 147000
0.8096 1 147000
0.8104 1 147000
0.8112 1 147000
0.812 1 147000
0.8128 1 147000
0.8136 1 147000
0.8144 1 147000
0.8152 1 147000
0.816 1 147000
0.8168 1 147000
0.8176 1 147000
0.8184 1 147000
0.8192 1 147000
0.82 1 147000
0.8208 1 147000
0.8216 1 147000
0.8224 1 147000
0.8232 1 147000
0.824 1 147000
0.8248 1 147000
0.8256 1 147000
0.8264 1 147000
0.8272 1 147000
0.828 1 147000
0.8288 1 147000
0.8296 1 147000
0.8304 1 147000
0.8312 1 147000
0.832 1 147000
0.8328 1 147000
0.8336 1 147000
0.8344 1 147000
0.8352 1 147000
0.836 1 147000
0.8368 1 147000
0.8376 1 147000
0.8384 1 147000
0.8392 1 147000
0.84 1 147000
0.8408 1 147000
0.8416 1 147000
0.8424 1 147000
0.8432 1 147000
0.844 1 147000
0.8448 1 147000
0.8456 1 147000
0.8464 1 147000
0.8472 1 147000
0.848 1 147000
0.8488 1 147000
0.8496 1 147000
0.8504 1 147000
0.8528 1 1000
0.9512 1 2000
0.972 1 3000
0.9928 1 4000
0.9944 1 5000
1.0144 1 6000
1.016 1 7000
1.0176 1 8000
1.036 1 9000
1.0376 1 10000
1.0392 1 11000
1.0408 1 12000
1.0568 1 13000
1.0584 1 14000
1.06 1 15000
1.0616 1 16000
1.0632 1 17000
1.0648 1 18000
1.0776 1 19000
1.0792 1 20000
1.0808 1 21000
1.0824 1 22000
1.084 1 23000
1.0864 1 1000
1.108 1 2000
1.1088 1 3000
1.1096 1 4000
1.1104 1 5000
1.1112 1 6000
1.112 1 7000
1.1128 1 8000
1.1136 1 9000
1.1144 1 10000
1.1152 1 11000
1.116 1 12000
1.1168 1 13000
1.1176 1 14000
1.1184 1 15000
1.1192 1 16000
1.12 1 17000
1.1208 1 18000
1.1216 1 19000
1.1224 1 20000
1.1232 1 21000
1.124 1 22000
1.1248 1 23000
1.1256 1 24000
1.1296 1 1000
1.1464 1 2000
1.1472 1 3000
1.148 1 4000
1.1488 1 5000
1.1496 1 6000
1.1504 1 7000
1.1512 1 8000
1.152 1 9000
1.1528 1 10000
1.1536 1 11000
1.1544 1 12000
1.1552 1 13000
1.156 1 14000
1.1568 1 15000
1.1576 1 16000
1.1584 1 17000
1.1592 1 18000
1.16 1 19000
1.1608 1 20000
1.1616 1 21000
1.1624 1 22000
1.1632 1 23000
1.164 1 24000
1.1648 1 25000
1.168 1 1000
1.1856 1 2000
1.1864 1 3000
1.1872 1 4000
1.188 1 5000
1.1888 1 6000
1.1896 1 7000
1.1904 1 8000
1.1912 1 9000
1.192 1 10000
1.1928 1 11000
1.1936 1 12000
1.1944 1 13000
1.1952 1 14000
1.196 1 15000
1.1968 1 16000
1.1976 1 17000
1.1984 1 18000
1.1992 1 19000
1.2 1 20000
1.2008 1 21000
1.2016 1 22000
1.2024 1 23000
1.2032 1 24000
1.204 1 25000
1.2048 1 26000
1.2072 1 1000
1.2256 1 2000
1.2264 1 3000
1.2272 1 4000
1.228 1 5000
1.2288 1 6000
1.2296 1 7000
1.2304 1 8000
1.2312 1 9000
1.232 1 10000
1.2328 1 11000
1.2336 1 12000
1.2344 1 13000
1.2352 1 14000
1.236 1 15000
1.2368 1 16000
1.2376 1 17000
1.2384 1 18000
1.2392 1 19000
1.24 1 20000
1.2408 1 21000
1.2416 1 22000
1.2424 1 23000
1.2432 1 24000
1.244 1 25000
1.2448 1 26000
1.2456 1 27000
1.248 1 1000
1.2672 1 2000
1.268 1 3000
1.2688 1 4000
1.2696 1 5000
1.2704 1 6000
1.2712 1 7000
1.272 1 8000
1.2728 1 9000
1.2736 1 10000
1.2744 1 11000
1.2752 1 12000
1.276 1 13000
1.2768 1 14000
1.2776 1 15000
1.2784 1 16000
1.2792 1 17000
1.28 1 18000
1.2808 1 19000
1.2816 1 20000
1.2824 1 21000
1.2832 1 22000
1.284 1 23000
1.2848 1 24000
1.2856 1 25000
1.2864 1 26000
1.2872 1 27000
1.288 1 28000
1.2904 1 1000
1.3104 1 2000
1.3112 1 3000
1.312 1 4000
1.3128 1 5000
1.3136 1 6000
1.3144 1 7000
1.3152 1 8000
1.316 1 9000
1.3168 1 10000
1.3176 1 11000
1.3184 1 12000
1.3192 1 13000
1.32 1 14000
1.3208 1 15000
1.3216 1 16000
1.3224 1 17000
1.3232 1 18000
1.324 1 19000
1.3248 1 20000
1.3256 1 21000
1.3264 1 22000
1.3272 1 23000
1.328 1 24000
1.3288 1 25000
1.3296 1 26000
1.3304 1 27000
1.3312 1 28000
1.332 1 29000
1.3344 1 1000
1.3552 1 2000
1.356 1 3000
1.3568 1 4000
1.3576 1 5000
1.3584 1 6000
1.3592 1 7000
1.36 1 8000
1.3608 1 9000
1.3616 1 10000
1.3624 1 11000
1.3632 1 12000
1.364 1 13000
1.3648 1 14000
1.3656 1 15000
1.3664 1 16000
1.3672 1 17000
1.368 1 18000
1.3688 1 19000
1.3696 1 20000
1.3704 1 21000
1.3712 1 22000
1.372 1 23000
1.3728 1 24000
1.3736 1 25000
1.3744 1 26000
1.3752 1 27000
1.376 1 28000
1.3768 1 29000
1.3776 1 30000
1.38 1 1000
1.4016 1 2000
1.4024 1 3000
1.4032 1 4000
1.404 1 5000
1.4048 1 6000
1.4056 1 7000
1.4064 1 8000
1.4072 1 9000
1.408 1 10000
1.4088 1 11000
1.4096 1 12000
1.4104 1 13000
1.4112 1 14000
1.412 1 15000
1.4128 1 16000
1.4136 1 17000
1.4144 1 18000
1.4152 1 19000
1.416 1 20000
1.4160008 1 21000
1.4232 1 1000