0.0108 1
0.0116 2
0.0316 1
0.0324 1
0.0332 2
0.034 2
0.0524 1
0.0532 1
0.054 1
0.0548 1
0.0556 2
0.0564 2
0.0572 2
0.058 2
0.0732 1
0.074 1
0.0748 1
0.0756 1
0.0764 1
0.0772 1
0.078 1
0.0788 1
0.0796 2
0.0804 2
0.0812 2
0.082 2
0.0828 2
0.0836 2
0.0844 2
0.0852 2
0.094 1
0.0948 1
0.0956 1
0.0964 1
0.0972 1
0.098 1
0.0988 1
0.0996 1
0.1004 1
0.1012 1
0.102 1
0.1028 1
0.1036 1
0.1044 1
0.1052 1
0.106 1
0.1068 2
0.1076 2
0.1084 2
0.1092 2
0.11 2
0.1108 2
0.1116 2
0.1124 2
0.1132 2
0.114 2
0.1148 2
0.1156 2
0.1164 2
0.1172 2
0.118 2
0.1188 2
0.1196 1
0.1204 1
0.1212 1
0.122 1
0.1228 1
0.1236 1
0.1244 1
0.1252 1
0.126 1
0.1268 1
0.1276 1
0.1284 1
0.1292 1
0.13 1
0.1308 1
0.1316 1
0.1324 1
0.1332 1
0.134 1
0.1348 1
0.1356 1
0.1364 1
0.1372 1
0.138 1
0.1388 1
0.1396 1
0.1404 1
0.1412 1
0.142 1
0.1428 1
0.1436 1
0.1444 1
0.1452 2
0.146 2
0.1468 2
0.1476 2
0.1484 2
0.1492 2
0.15 2
0.1508 2
0.1516 2
0.1524 2
0.1532 2
0.154 2
0.1548 2
0.1556 2
0.1564 2
0.1572 2
0.158 2
0.1588 2
0.1596 2
0.1604 2
0.1612 2
0.162 2
0.1628 2
0.1636 2
0.1644 2
0.1652 2
0.166 2
0.1668 2
0.1676 2
0.1684 2
0.1692 2
0.17 2
0.1708 1
0.1716 1
0.1724 1
0.1732 1
0.174 1
0.1748 1
0.1756 1
0.1764 1
0.1772 1
0.178 1
0.1788 1
0.1796 1
0.1804 1
0.1812 1
0.182 1
0.1828 1
0.1836 1
0.1844 1
0.1852 1
0.186 1
0.1868 1
0.1876 1
0.1884 1
0.1892 1
0.19 1
0.1908 1
0.1916 1
0.1924 1
0.1932 1
0.194 1
0.1948 1
0.1956 1
0.1964 1
0.1972 1
0.198 1
0.1988 1
0.1996 1
0.2004 1
0.2012 1
0.202 1
0.2028 1
0.2036 1
0.2044 1
0.2052 1
0.206 1
0.2068 1
0.2076 1
0.2084 1
0.2092 1
0.21 1
0.2108 1
0.2116 1
0.2124 1
0.2132 1
0.214 1
0.2148 1
0.2156 1
0.2164 1
0.2172 1
0.218 1
0.2188 1
0.2196 1
0.2204 1
0.2212 1
0.222 2
0.2228 2
0.2236 2
0.2244 2
0.2252 2
0.226 2
0.2268 2
0.2276 2
0.2284 2
0.2292 2
0.23 2
0.2308 2
0.2316 2
0.2324 2
0.2332 2
0.234 2
0.2348 2
0.2356 2
0.2364 2
0.2372 2
0.238 2
0.2388 2
0.2396 2
0.2404 2
0.2412 2
0.242 2
0.2428 2
0.2436 2
0.2444 2
0.2452 2
0.246 2
0.2468 2
0.2476 2
0.2484 2
0.2492 2
0.25 2
0.2508 2
0.2516 2
0.2524 2
0.2532 2
0.254 2
0.2548 2
0.2556 2
0.2564 2
0.2572 2
0.258 2
0.2588 2
0.2596 2
0.2604 2
0.2612 2
0.262 2
0.2628 2
0.2636 2
0.2644 2
0.2652 2
0.266 2
0.2668 2
0.2676 2
0.2684 2
0.2692 2
0.27 2
0.2708 2
0.2716 1
0.2724 1
0.2732 1
0.274 1
0.2748 1
0.2756 1
0.2764 1
0.2772 1
0.278 1
0.2788 1
0.2796 1
0.2804 1
0.2812 1
0.282 1
0.2828 1
0.2836 1
0.2844 1
0.2852 1
0.286 1
0.2868 1
0.2876 1
0.2884 1
0.2892 1
0.29 1
0.2908 1
0.2916 1
0.2924 1
0.2932 1
0.294 1
0.2948 1
0.2956 1
0.2964 1
0.2972 1
0.298 1
0.2988 1
0.2996 1
0.3004 1
0.3012 1
0.302 1
0.3028 1
0.3036 1
0.3044 1
0.3052 1
0.306 1
0.3068 1
0.3076 1
0.3084 1
0.3092 1
0.31 1
0.3108 1
0.3116 1
0.3124 1
0.3132 1
0.314 1
0.3148 1
0.3156 1
0.3164 1
0.3172 1
0.318 1
0.3188 1
0.3196 1
0.3204 1
0.3212 1
0.322 1
0.3228 2
0.3236 2
0.3244 2
0.3252 2
0.326 2
0.3268 2
0.3276 2
0.3284 2
0.3292 2
0.33 2
0.3308 2
0.3316 2
0.3324 2
0.3332 2
0.334 2
0.3348 2
0.3356 2
0.3364 2
0.3372 2
0.338 2
0.3388 2
0.3396 2
0.3404 2
0.3412 2
0.342 2
0.3428 2
0.3436 2
0.3444 2
0.3452 2
0.346 2
0.3468 2
0.3476 2
0.3484 2
0.3492 2
0.35 2
0.3508 2
0.3516 2
0.3524 2
0.3532 2
0.354 2
0.3548 2
0.3556 2
0.3564 2
0.3572 2
0.358 2
0.3588 2
0.3596 2
0.3604 2
0.3612 2
0.362 2
0.3628 2
0.3636 2
0.3644 2
0.3652 2
0.366 2
0.3668 2
0.3676 2
0.3684 2
0.3692 2
0.37 2
0.3708 1
0.3716 1
0.3724 1
0.3732 2
0.3932 1
0.394 1
0.3948 2
0.3956 2
0.414 1
0.4148 1
0.4156 1
0.4164 2
0.4172 2
0.418 2
0.4348 1
0.4356 1
0.4364 1
0.4372 1
0.438 1
0.4388 1
0.4396 2
0.4404 2
0.4412 2
0.442 2
0.4428 2
0.4436 2
0.4564 1
0.4572 1
0.458 1
0.4588 1
0.4596 1
0.4604 1
0.4612 1
0.462 1
0.4628 1
0.4636 2
0.4644 2
0.4652 2
0.466 2
0.4668 2
0.4676 2
0.4684 2
0.4692 2
0.47 2
0.478 1
0.4788 1
0.4796 1
0.4804 1
0.4812 1
0.482 1
0.4828 1
0.4836 1
0.4844 1
0.4852 1
0.486 1
0.4868 1
0.4876 2
0.4884 2
0.4892 2
0.49 2
0.4908 2
0.4916 2
0.4924 2
0.4932 2
0.494 2
0.4948 2
0.4956 2
0.4964 2
0.4988 1
0.4996 1
0.5004 1
0.5012 1
0.502 1
0.5028 1
0.5036 1
0.5044 1
0.5052 1
0.506 1
0.5068 1
0.5076 1
0.5084 1
0.5092 1
0.51 1
0.5108 1
0.5116 1
0.5124 1
0.5132 2
0.514 2
0.5148 2
0.5156 2
0.5164 2
0.5172 2
0.518 2
0.5188 2
0.5196 2
0.5204 2
0.5212 2
0.522 2
0.5228 2
0.5236 2
0.5244 2
0.5252 2
0.526 2
0.5268 2
0.5276 1
0.5284 1
0.5292 1
0.53 1
0.5308 1
0.5316 1
0.5324 1
0.5332 1
0.534 1
0.5348 1
0.5356 1
0.5364 1
0.5372 1
0.538 1
0.5388 1
0.5396 1
0.5404 1
0.5412 1
0.542 1
0.5428 1
0.5436 1
0.5444 1
0.5452 1
0.546 1
0.5468 1
0.5476 1
0.5484 1
0.5492 2
0.55 2
0.5508 2
0.5516 2
0.5524 2
0.5532 2
0.554 2
0.5548 2
0.5556 2
0.5564 2
0.5572 2
0.558 2
0.5588 2
0.5596 2
0.5604 2
0.5612 2
0.562 2
0.5628 2
0.5636 2
0.5644 2
0.5652 2
0.566 2
0.5668 2
0.5676 2
0.5684 2
0.5692 2
0.57 2
0.5708 1
0.5716 1
0.5724 1
0.5732 1
0.574 1
0.5748 1
0.5756 1
0.5764 1
0.5772 1
0.578 1
0.5788 1
0.5796 1
0.5804 1
0.5812 1
0.582 1
0.5828 1
0.5836 1
0.5844 1
0.5852 1
0.586 1
0.5868 1
0.5876 1
0.5884 1
0.5892 1
0.59 1
0.5908 1
0.5916 1
0.5924 1
0.5932 1
0.594 1
0.5948 1
0.5956 1
0.5964 1
0.5972 1
0.598 1
0.5988 1
0.5996 1
0.6004 1
0.6012 1
0.602 1
0.6028 1
0.6036 1
0.6044 2
0.6052 2
0.606 2
0.6068 2
0.6076 2
0.6084 2
0.6092 2
0.61 2
0.6108 2
0.6116 2
0.6124 2
0.6132 2
0.614 2
0.6148 2
0.6156 2
0.6164 2
0.6172 2
0.618 2
0.6188 2
0.6196 2
0.6204 2
0.6212 2
0.622 2
0.6228 2
0.6236 2
0.6244 2
0.6252 2
0.626 2
0.6268 2
0.6276 2
0.6284 2
0.6292 2
0.63 2
0.6308 2
0.6316 2
0.6324 2
0.6332 2
0.634 2
0.6348 2
0.6356 2
0.6364 2
0.6372 2
0.638 2
0.6388 1
0.6396 1
0.6404 1
0.6412 1
0.642 1
0.6428 1
0.6436 1
0.6444 1
0.6452 1
0.646 1
0.6468 1
0.6476 1
0.6484 1
0.6492 1
0.65 1
0.6508 1
0.6516 1
0.6524 1
0.6532 1
0.654 1
0.6548 1
0.6556 1
0.6564 1
0.6572 1
0.658 1
0.6588 1
0.6596 1
0.6604 1
0.6612 1
0.662 1
0.6628 1
0.6636 1
0.6644 1
0.6652 1
0.666 1
0.6668 1
0.6676 1
0.6684 1
0.6692 1
0.67 1
0.6708 1
0.6716 1
0.6724 1
0.6732 1
0.674 1
0.6748 1
0.6756 1
0.6764 1
0.6772 1
0.678 1
0.6788 1
0.6796 1
0.6804 1
0.6812 1
0.682 1
0.6828 1
0.6836 1
0.6844 1
0.6852 1
0.686 1
0.6868 1
0.6876 1
0.6884 1
0.6892 2
0.69 2
0.6908 2
0.6916 2
0.6924 2
0.6932 2
0.694 2
0.6948 2
0.6956 2
0.6964 2
0.6972 2
0.698 2
0.6988 2
0.6996 2
0.7004 2
0.7012 2
0.702 2
0.7028 2
0.7036 2
0.7044 2
0.7052 2
0.706 2
0.7068 2
0.7076 2
0.7084 2
0.7092 2
0.71 2
0.7108 2
0.7116 2
0.7124 2
0.7132 2
0.714 2
0.7148 2
0.7156 2
0.7164 2
0.7172 2
0.718 2
0.7188 2
0.7196 2
0.7204 2
0.7212 2
0.722 2
0.7228 2
0.7236 2
0.7244 2
0.7252 2
0.726 2
0.7268 2
0.7276 2
0.7284 2
0.7292 2
0.73 2
0.7308 2
0.7316 2
0.7324 2
0.7332 2
0.734 2
0.7348 2
0.7356 2
0.7364 2
0.7372 2
0.738 1
0.7388 1
0.7396 1
0.7404 1
0.7412 1
0.742 1
0.7428 1
0.7436 1
0.7444 1
0.7452 1
0.746 1
0.7468 1
0.7476 1
0.7484 1
0.7492 1
0.75 1
0.7508 1
0.7516 1
0.7524 1
0.7532 1
0.754 1
0.7548 1
0.7556 1
0.7564 1
0.7572 1
0.758 1
0.7588 1
0.7596 1
0.7604 1
0.7612 1
0.762 1
0.7628 1
0.7636 1
0.7644 1
0.7652 1
0.766 1
0.7668 1
0.7676 1
0.7684 1
0.7692 1
0.77 1
0.7708 1
0.7716 1
0.7724 1
0.7732 1
0.774 1
0.7748 1
0.7756 1
0.7764 1
0.7772 1
0.778 1
0.7788 1
0.7796 1
0.7804 1
0.7812 1
0.782 1
0.7828 1
0.7836 1
0.7844 1
0.7852 1
0.786 1
0.7868 1
0.7876 2
0.7884 2
0.7892 2
0.79 2
0.7908 2
0.7916 2
0.7924 2
0.7932 2
0.794 2
0.7948 2
0.7956 2
0.7964 2
0.7972 2
0.798 2
0.7988 2
0.7996 2
0.8004 2
0.8012 2
0.802 2
0.8028 2
0.8036 2
0.8044 2
0.8052 2
0.806 2
0.8068 2
0.8076 2
0.8084 2
0.8092 2
0.81 2
0.8108 2
0.8116 2
0.8124 2
0.8132 2
0.814 2
0.8148 2
0.8156 2
0.8164 2
0.8172 2
0.818 2
0.8188 2
0.8196 2
0.8204 2
0.8212 2
0.822 2
0.8228 2
0.8236 2
0.8244 2
0.8252 2
0.826 2
0.8268 2
0.8276 2
0.8284 2
0.8292 2
0.83 2
0.8308 2
0.8316 2
0.8324 2
0.8332 2
0.834 2
0.8348 2
0.8356 2
0.8364 1
0.8372 1
0.838 1
0.8388 1
0.8396 1
0.8404 1
0.8412 2
0.8612 1
0.862 1
0.8628 2
0.8636 2
0.882 1
0.8828 1
0.8836 1
0.8844 1
0.8852 1
0.886 1
0.8868 2
0.8876 2
0.8884 2
0.9044 1
0.9052 1
0.906 1
0.9068 1
0.9076 1
0.9084 1
0.9092 1
0.91 1
0.9108 2
0.9116 2
0.9124 2
0.9132 2
0.914 2
0.9148 2
0.9252 1
0.926 1
0.9268 1
0.9276 1
0.9284 1
0.9292 1
0.93 1
0.9308 1
0.9316 1
0.9324 1
0.9332 1
0.934 1
0.9348 1
0.9356 1
0.9364 1
0.9372 1
0.938 2
0.9388 2
0.9396 2
0.9404 2
0.9412 2
0.942 2
0.9428 2
0.9436 2
0.9444 2
0.946 1
0.9468 1
0.9476 1
0.9484 1
0.9492 1
0.95 1
0.9508 1
0.9516 1
0.9524 1
0.9532 1
0.954 1
0.9548 1
0.9556 1
0.9564 1
0.9572 1
0.958 1
0.9588 1
0.9596 1
0.9604 1
0.9612 1
0.962 1
0.9628 1
0.9636 1
0.9644 1
0.9652 1
0.966 1
0.9668 1
0.9676 1
0.9684 1
0.9692 1
0.97 1
0.9708 1
0.9716 2
0.9724 2
0.9732 2
0.974 2
0.9748 2
0.9756 2
0.9764 2
0.9772 2
0.978 2
0.9788 2
0.9796 2
0.9804 2
0.9812 1
0.982 1
0.9828 1
0.9836 1
0.9844 1
0.9852 1
0.986 1
0.9868 1
0.9876 1
0.9884 1
0.9892 1
0.99 1
0.9908 1
0.9916 1
0.9924 1
0.9932 1
0.994 1
0.9948 1
0.9956 1
0.9964 1
0.9972 1
0.998 1
0.9988 1
0.9996 1
1.0004 1
1.0012 1
1.002 1
1.0028 1
1.0036 1
1.0044 1
1.0052 1
1.006 1
1.0068 1
1.0076 2
1.0084 2
1.0092 2
1.01 2
1.0108 2
1.0116 2
1.0124 2
1.0132 2
1.014 2
1.0148 2
1.0156 2
1.0164 2
1.0172 2
1.018 2
1.0188 2
1.0196 2
1.0204 2
1.0212 2
1.022 1
1.0228 1
1.0236 1
1.0244 1
1.0252 1
1.026 1
1.0268 1
1.0276 1
1.0284 1
1.0292 1
1.03 1
1.0308 1
1.0316 1
1.0324 1
1.0332 1
1.034 1
1.0348 1
1.0356 1
1.0364 1
1.0372 1
1.038 1
1.0388 1
1.0396 1
1.0404 1
1.0412 1
1.042 1
1.0428 1
1.0436 1
1.0444 1
1.0452 1
1.046 1
1.0468 1
1.0476 1
1.0484 1
1.0492 2
1.05 2
1.0508 2
1.0516 2
1.0524 2
1.0532 2
1.054 2
1.0548 2
1.0556 2
1.0564 2
1.0572 2
1.058 2
1.0588 2
1.0596 2
1.0604 2
1.0612 2
1.062 2
1.0628 2
1.0636 2
1.0644 2
1.0652 2
1.066 2
1.0668 2
1.0676 2
1.0684 2
1.0692 2
1.07 2
1.0708 1
1.0716 1
1.0724 1
1.0732 1
1.074 1
1.0748 1
1.0756 1
1.0764 1
1.0772 1
1.078 1
1.0788 1
1.0796 1
1.0804 1
1.0812 1
1.082 1
1.0828 1
1.0836 1
1.0844 1
1.0852 1
1.086 1
1.0868 1
1.0876 1
1.0884 1
1.0892 1
1.09 1
1.0908 1
1.0916 1
1.0924 1
1.0932 1
1.094 1
1.0948 1
1.0956 1
1.0964 1
1.0972 1
1.098 1
1.0988 2
1.0996 2
1.1004 2
1.1012 2
1.102 2
1.1028 2
1.1036 2
1.1044 2
1.1052 2
1.106 2
1.1068 2
1.1076 2
1.1084 2
1.1092 2
1.11 2
1.1108 2
1.1116 2
1.1124 2
1.1132 2
1.114 2
1.1148 2
1.1156 2
1.1164 2
1.1172 2
1.118 2
1.1188 2
1.1196 2
1.1204 2
1.1212 2
1.122 2
1.1228 2
1.1236 2
1.1244 2
1.1252 2
1.126 2
1.1268 2
1.1276 2
1.1284 2
1.1292 2
1.13 2
1.1308 2
1.1316 2
1.1324 1
1.1332 1
1.134 1
1.1348 1
1.1356 1
1.1364 1
1.1372 1
1.138 1
1.1388 1
1.1396 1
1.1404 1
1.1412 1
1.142 1
1.1428 1
1.1436 1
1.1444 1
1.1452 1
1.146 1
1.1468 1
1.1476 1
1.1484 1
1.1492 1
1.15 1
1.1508 1
1.1516 1
1.1524 1
1.1532 1
1.154 1
1.1548 1
1.1556 1
1.1564 1
1.1572 1
1.158 1
1.1588 1
1.1596 1
1.1604 1
1.1612 2
1.162 2
1.1628 2
1.1636 2
1.1644 2
1.1652 2
1.166 2
1.1668 2
1.1676 2
1.1684 2
1.1692 2
1.17 2
1.1708 2
1.1716 2
1.1724 2
1.1732 2
1.174 2
1.1748 2
1.1756 2
1.1764 2
1.1772 2
1.178 2
1.1788 2
1.1796 2
1.1804 2
1.1812 2
1.182 2
1.1828 2
1.1836 2
1.1844 2
1.1852 2
1.186 2
1.1868 2
1.1876 2
1.1884 2
1.1892 2
1.19 2
1.1908 2
1.1916 2
1.1924 2
1.1932 2
1.194 2
1.1948 2
1.1956 2
1.1964 2
1.1972 2
1.198 2
1.1988 2
1.1996 2
1.2004 2
1.2012 2
1.202 2
1.2028 2
1.2036 2
1.2044 2
1.2052 2
1.206 2
1.2068 2
1.2076 2
1.2084 2
1.2092 2
1.21 2
1.2108 2
1.2116 2
1.2124 2
1.2132 2
1.214 1
1.2148 1
1.2156 1
1.2164 1
1.2172 1
1.218 1
1.2188 1
1.2196 1
1.2204 1
1.2212 1
1.222 1
1.2228 1
1.2236 1
1.2244 1
1.2252 1
1.226 1
1.2268 1
1.2276 1
1.2284 1
1.2292 1
1.23 1
1.2308 1
1.2316 1
1.2324 1
1.2332 1
1.234 1
1.2348 1
1.2356 1
1.2364 1
1.2372 1
1.238 1
1.2388 1
1.2396 1
1.2404 1
1.2412 1
1.242 1
1.2428 1
1.2436 2
1.2444 2
1.2452 2
1.246 2
1.2468 2
1.2476 2
1.2484 2
1.2492 2
1.25 2
1.2508 2
1.2516 2
1.2524 2
1.2532 2
1.254 2
1.2548 2
1.2556 2
1.2564 2
1.2572 2
1.258 2
1.2588 2
1.2596 2
1.2604 2
1.2612 2
1.262 2
1.2628 2
1.2636 2
1.2644 2
1.2652 2
1.266 2
1.2668 2
1.2676 2
1.2684 2
1.2692 2
1.27 2
1.2708 2
1.2716 2
1.2724 2
1.2732 2
1.274 2
1.2748 1
1.2756 1
1.2764 1
1.2772 1
1.278 1
1.2788 1
1.2796 1
1.2804 1
1.2812 1
1.282 1
1.2828 1
1.2836 1
1.2844 1
1.2852 1
1.286 1
1.2868 1
1.2876 1
1.2884 1
1.2892 1
1.29 1
1.2908 1
1.2916 1
1.2924 1
1.2932 1
1.294 1
1.2948 1
1.2956 1
1.2964 1
1.2972 1
1.298 1
1.2988 1
1.2996 1
1.3004 1
1.3012 1
1.302 1
1.3028 1
1.3036 1
1.3044 1
1.3052 2
1.306 2
1.3068 2
1.3076 2
1.3084 2
1.3092 2
1.31 2
1.3108 2
1.3116 2
1.3124 2
1.3132 2
1.314 2
1.3148 2
1.3156 2
1.3164 2
1.3172 2
1.318 2
1.3188 2
1.3196 2
1.3204 2
1.3212 2
1.322 2
1.3228 2
1.3236 2
1.3244 2
1.3252 2
1.326 2
1.3268 2
1.3276 2
1.3284 2
1.3292 2
1.33 2
1.3308 2
1.3316 2
1.3324 2
1.3332 2
1.334 2
1.3348 2
1.3356 2
1.3364 2
1.3372 2
1.338 2
1.3388 2
1.3396 2
1.3404 2
1.3412 2
1.342 2
1.3428 2
1.3436 2
1.3444 2
1.3452 2
1.346 2
1.3468 2
1.3476 2
1.3484 2
1.3492 2
1.35 2
1.3508 2
1.3516 2
1.3524 2
1.3532 2
1.354 2
1.3548 1
1.3556 1
1.3564 1
1.3572 1
1.358 1
1.3588 1
1.3596 1
1.3604 1
1.3612 1
1.362 1
1.3628 1
1.3636 1
1.3644 1
1.3652 1
1.366 1
1.3668 1
1.3676 1
1.3684 1
1.3692 1
1.37 1
1.3708 1
1.3716 1
1.3724 1
1.3732 1
1.374 1
1.3748 1
1.3756 1
1.3764 1
1.3772 1
1.378 1
1.3788 1
1.3796 1
1.3804 1
1.3812 1
1.382 1
1.3828 1
1.3836 1
1.3844 1
1.3852 1
1.386 2
1.3868 2
1.3876 2
1.3884 2
1.3892 2
1.39 2
1.3908 2
1.3916 2
1.3924 2
1.3932 2
1.394 2
1.3948 2
1.3956 2
1.3964 2
1.3972 2
1.398 2
1.3988 2
1.3996 2
1.4004 2
1.4012 2
1.402 2
1.4028 2
1.4036 2
1.4044 2
1.4052 2
1.406 2
1.4068 2
1.4076 2
1.4084 2
1.4092 2
1.41 2
1.4108 2
1.4116 2
1.4124 2
1.4132 2
1.414 2
1.4148 2
1.4156 2
1.4164 2
1.4172 2
1.418 2
1.4188 2
1.4196 2
1.4204 2
1.4212 2
1.422 2
1.4228 2
1.4236 2
1.4244 2
1.4252 2
1.426 2
1.4268 2
1.4276 2
1.4284 2
1.4292 1
1.43 1
1.4308 1
1.4316 1
1.4324 1
1.4332 1
1.434 1
1.4348 1
1.4356 1
1.4364 1
1.4372 1
1.438 1
1.4388 1
1.4396 1
1.4404 1
1.4412 1
1.442 1
1.4428 1
1.4436 1
1.4444 1
1.4452 1
1.446 1
1.4468 1
1.4476 1
1.4484 1
1.4492 1
1.45 1
1.4508 1
1.4516 1
1.4524 1
1.4532 1
1.454 1
1.4548 1
1.4556 1
1.4564 1
1.4572 1
1.458 1
1.4588 1
1.4596 1
1.4604 1
1.4612 2
1.462 2
1.4628 2
1.4636 2
1.4644 2
1.4652 2
1.466 2
1.4668 2
1.4676 2
1.4684 2
1.4692 2
1.47 2
1.4708 2
1.4716 2
1.4724 2
1.4732 2
1.474 2
1.4748 2
1.4756 2
1.4764 2
1.4772 2
1.478 2
1.4788 2
1.4796 2
1.4804 2
1.4812 2
1.482 2
1.4828 2
1.4836 2
1.4844 2
1.4852 2
1.486 2
1.4868 2
1.4876 2
1.4884 2
1.4892 2
1.49 2
1.4908 2
1.4916 2
1.4924 2
1.4932 2
1.494 2
1.4948 2
1.4956 2
1.4964 2
1.4972 2
1.498 1
1.4988 1
1.4996 1
1.5004 1
1.5012 1
1.502 1
1.5028 1
1.5036 1
1.5044 1
1.5052 1
1.506 1
1.5068 1
1.5076 1
1.5084 1
1.5092 1
1.51 1
1.5108 1
1.5116 1
1.5124 1
1.5132 1
1.514 1
1.5148 1
1.5156 1
1.5164 1
1.5172 1
1.518 1
1.5188 1
1.5196 1
1.5204 1
1.5212 1
1.522 1
1.5228 1
1.5236 1
1.5244 1
1.5252 1
1.526 1
1.5268 1
1.5276 1
1.5284 1
1.5292 1
1.53 1
1.5308 2
1.5316 2
1.5324 2
1.5332 2
1.534 2
1.5348 2
1.5356 2
1.5364 2
1.5372 2
1.538 2
1.5388 2
1.5396 2
1.5404 2
1.5412 2
1.542 2
1.5428 2
1.5436 2
1.5444 2
1.5452 2
1.546 2
1.5468 2
1.5476 2
1.5484 2
1.5492 2
1.55 2
1.5508 2
1.5516 2
1.5524 2
1.5532 2
1.554 2
1.5548 2
1.5556 2
1.5564 2
1.5572 2
1.558 2
1.5588 2
1.5596 2
1.5604 2
1.5612 2
1.562 1
1.5628 1
1.5636 1
1.5644 1
1.5652 1
1.566 1
1.5668 1
1.5676 1
1.5684 1
1.5692 1
1.57 1
1.5708 1
1.5716 1
1.5724 1
1.5732 1
1.574 1
1.5748 1
1.5756 1
1.5764 1
1.5772 1
1.578 1
1.5788 1
1.5796 1
1.5804 1
1.5812 1
1.582 1
1.5828 1
1.5836 1
1.5844 1
1.5852 1
1.586 1
1.5868 1
1.5876 1
1.5884 1
1.5892 1
1.59 1
1.5908 1
1.5916 1
1.5924 1
1.5932 1
1.594 1
1.5948 1
1.5956 2
1.5964 2
1.5972 2
1.598 2
1.5988 2
1.5996 2
1.6004 2
1.6012 2
1.602 2
1.6028 2
1.6036 2
1.6044 2
1.6052 2
1.606 2
1.6068 2
1.6076 2
1.6084 2
1.6092 2
1.61 2
1.6108 2
1.6116 2
1.6124 2
1.6132 2
1.614 2
1.6148 2
1.6156 2
1.6164 2
1.6172 2
1.618 2
1.6188 2
1.6196 2
1.6204 2
1.6212 2
1.622 1
1.6228 1
1.6236 1
1.6244 1
1.6252 1
1.626 1
1.6268 1
1.6276 1
1.6284 1
1.6292 1
1.63 1
1.6308 1
1.6316 1
1.6324 1
1.6332 1
1.634 1
1.6348 1
1.6356 1
1.6364 1
1.6372 1
1.638 1
1.6388 1
1.6396 1
1.6404 1
1.6412 1
1.642 1
1.6428 1
1.6436 1
1.6444 1
1.6452 1
1.646 1
1.6468 1
1.6476 1
1.6484 1
1.6492 1
1.65 1
1.6508 1
1.6516 1
1.6524 1
1.6532 1
1.654 1
1.6548 1
1.6556 1
1.6564 2
1.6572 2
1.658 2
1.6588 2
1.6596 2
1.6604 2
1.6612 2
1.662 2
1.6628 2
1.6636 2
1.6644 2
1.6652 2
1.666 2
1.6668 2
1.6676 2
1.6684 2
1.6692 2
1.67 2
1.6708 2
1.6716 2
1.6724 2
1.6732 2
1.674 2
1.6748 2
1.6756 2
1.6764 2
1.6772 2
1.678 2
1.6788 1
1.6796 1
1.6804 1
1.6812 1
1.682 1
1.6828 1
1.6836 1
1.6844 1
1.6852 1
1.686 1
1.6868 1
1.6876 1
1.6884 1
1.6892 1
1.69 1
1.6908 1
1.6916 1
1.6924 1
1.6932 1
1.694 1
1.6948 1
1.6956 1
1.6964 1
1.6972 1
1.698 1
1.6988 1
1.6996 1
1.7004 1
1.7012 1
1.702 1
1.7028 1
1.7036 1
1.7044 1
1.7052 1
1.706 1
1.7068 1
1.7076 1
1.7084 1
1.7092 1
1.71 1
1.7108 1
1.7116 1
1.7124 1
1.7132 1
1.714 2
1.7148 2
1.7156 2
1.7164 2
1.7172 2
1.718 2
1.7188 2
1.7196 2
1.7204 2
1.7212 2
1.722 2
1.7228 2
1.7236 2
1.7244 2
1.7252 2
1.726 2
1.7268 2
1.7276 2
1.7284 2
1.7292 2
1.73 2
1.7308 2
1.7316 2
1.7324 2
1.7332 1
1.734 1
1.7348 1
1.7356 1
1.7364 1
1.7372 1
1.738 1
1.7388 1
1.7396 1
1.7404 1
1.7412 1
1.742 1
1.7428 1
1.7436 1
1.7444 1
1.7452 1
1.746 1
1.7468 1
1.7476 1
1.7484 1
1.7492 1
1.75 1
1.7508 1
1.7516 1
1.7524 1
1.7532 1
1.754 1
1.7548 1
1.7556 1
1.7564 1
1.7572 1
1.758 1
1.7588 1
1.7596 1
1.7604 1
1.7612 1
1.762 1
1.7628 1
1.7636 1
1.7644 1
1.7652 1
1.766 1
1.7668 1
1.7676 1
1.7684 1
1.7692 2
1.77 2
1.7708 2
1.7716 2
1.7724 2
1.7732 2
1.774 2
1.7748 2
1.7756 2
1.7764 2
1.7772 2
1.778 2
1.7788 2
1.7796 2
1.7804 2
1.7812 2
1.782 2
1.7828 2
1.7836 2
1.7844 2
1.7852 2
1.786 1
1.7868 1
1.7876 1
1.7884 1
1.7892 1
1.79 1
1.7908 1
1.7916 1
1.7924 1
1.7932 1
1.794 1
1.7948 1
1.7956 1
1.7964 1
1.7972 1
1.798 1
1.7988 1
1.7996 1
1.8004 1
1.8012 1
1.802 1
1.8028 1
1.8036 1
1.8044 1
1.8052 1
1.806 1
1.8068 1
1.8076 1
1.8084 1
1.8092 1
1.81 1
1.8108 1
1.8116 1
1.8124 1
1.8132 1
1.814 1
1.8148 1
1.8156 1
1.8164 1
1.8172 1
1.818 1
1.8188 1
1.8196 1
1.8204 1
1.8212 1
1.822 1
1.8228 2
1.8236 2
1.8244 2
1.8252 2
1.826 2
1.8268 2
1.8276 2
1.8284 2
1.8292 2
1.83 2
1.8308 2
1.8316 2
1.8324 2
1.8332 2
1.834 2
1.8348 2
1.8356 2
1.8364 2
1.8372 2
1.838 1
1.8388 1
1.8396 1
1.8404 1
1.8412 1
1.8412008 1
1.8452 2
1.8516 2
1.8524 2
1.8532 2
1.854 2
1.8548 2
1.8556 2
1.8564 2
1.8572 2
1.858 2
1.8588 2
1.8596 2
1.8604 2
1.8612 2
1.862 2
1.8628 2
1.8636 2
1.8732 2
1.8788 2
1.8796 2
1.8804 2
1.8812 2
1.882 2
1.8828 2
1.8836 2
1.8844 2
1.8852 2
1.886 2
1.8868 2
1.8876 2
1.8884 2
1.8892 2
1.9004 2
1.9052 2
1.906 2
1.9068 2
1.9076 2
1.9084 2
1.9092 2
1.91 2
1.9108 2
1.9116 2
1.9124 2
1.9132 2
1.914 2
1.9268 2
1.9308 2
1.9316 2
1.9324 2
1.9332 2
1.934 2
1.9348 2
1.9356 2
1.9364 2
1.9372 2
1.938 2
1.9524 2
1.9556 2
1.9564 2
1.9572 2
1.958 2
1.9588 2
1.9596 2
1.9604 2
1.9612 2
1.962 2
1.9772 2
1.9796 2
1.9804 2
1.9812 2
1.982 2
1.9828 2
1.9836 2
1.9844 2
1.9852 2
1.986 2
2.0012 2
2.0036 2
2.0044 2
2.0052 2
2.006 2
2.0068 2
2.0076 2
2.0084 2
2.0092 2
2.01 2
2.0252 2
2.0276 2
2.0284 2
2.0292 2
2.03 2
2.0308 2
2.0316 2
2.0324 2
2.0332 2
2.034 2
2.0492 2
2.0516 2
2.0524 2
2.0532 2
2.054 2
2.0548 2
2.0556 2
2.0564 2
2.0572 2
2.058 2
2.0732 2
2.0756 2
2.0764 2
2.0772 2
2.078 2
2.0788 2
2.0796 2
2.0804 2
2.0812 2
2.082 2
2.0972 2
2.0996 2
2.1004 2
2.1012 2
2.102 2
2.1028 2
2.1036 2
2.1044 2
2.1052 2
2.106 2
2.1212 2
2.1236 2
2.1244 2
2.1252 2
2.126 2
2.1268 2
2.1276 2
2.1284 2
2.1292 2
2.13 2
2.1452 2
2.1476 2
2.1484 2
2.1492 2
2.15 2
2.1508 2
2.1516 2
2.1524 2
2.1532 2
2.154 2
2.1692 2
2.1716 2
2.1724 2
2.1732 2
2.174 2
2.1748 2
2.1756 2
2.1764 2
2.1772 2
2.178 2
2.1932 2
2.1956 2
2.1964 2
2.1972 2
2.198 2
2.1988 2
2.1996 2
2.2004 2
2.2012 2
2.202 2
2.2172 2
2.2196 2
2.2204 2
2.2212 2
2.222 2
2.2228 2
2.2236 2
2.2244 2
2.2252 2
2.226 2
2.2412 2
2.2436 2
2.2444 2
2.2452 2
2.246 2
2.2468 2
2.2476 2
2.2484 2
2.2492 2
2.25 2
2.2652 2
2.2676 2
2.2684 2
2.2692 2
2.27 2
2.2708 2
2.2716 2
2.2724 2
2.2732 2
2.274 2
2.2892 2
2.2916 2
2.2924 2
2.2932 2
2.294 2
2.2948 2
2.2956 2
2.2964 2
2.2972 2
2.298 2
2.3132 2
2.3156 2
2.3164 2
2.3172 2
2.318 2
2.3188 2
2.3196 2
2.3204 2
2.3212 2
2.322 2
2.3372 2
2.3396 2
2.3404 2
2.3412 2
2.342 2
2.3428 2
2.3436 2
2.3444 2
2.3452 2
2.346 2
2.3612 2
2.3636 2
2.3644 2
2.3652 2
2.366 2
2.3668 2
2.3676 2
2.3684 2
2.3692 2
2.37 2
2.3852 2
2.3876 2
2.3884 2
2.3892 2
2.39 2
2.3908 2
2.3916 2
2.3924 2
2.3932 2
2.394 2
2.4092 2
2.4116 2
2.4124 2
2.4132 2
2.414 2
2.4148 2
2.4156 2
2.4164 2
2.4172 2
2.418 2
2.4332 2
2.4356 2
2.4364 2
2.4372 2
2.438 2
2.4388 2
2.4396 2
2.4404 2
2.4412 2
2.442 2
2.4572 2
2.4596 2
2.4604 2
2.4612 2
2.462 2
2.4628 2
2.4636 2
2.4644 2
2.4652 2
2.466 2
2.4812 2
2.4836 2
2.4844 2
2.4852 2
2.486 2
2.4868 2
2.4876 2
2.4884 2
2.4892 2
2.49 2
2.5052 2
2.5076 2
2.5084 2
2.5092 2
2.51 2
2.5108 2
2.5116 2
2.5124 2
2.5132 2
2.514 2
2.5292 2
2.5316 2
2.5324 2
2.5332 2
2.534 2
2.5348 2
2.5356 2
2.5364 2
2.5372 2
2.538 2
2.5532 2
2.5556 2
2.5564 2
2.5572 2
2.558 2
2.5588 2
2.5596 2
2.5604 2
2.5612 2
2.562 2
2.5772 2
2.5796 2
2.5804 2
2.5812 2
2.582 2
2.5828 2
2.5836 2
2.5844 2
2.5852 2
2.586 2
2.6012 2
2.6036 2
2.6044 2
2.6052 2
2.606 2
2.6068 2
2.6076 2
2.6084 2
2.6092 2
2.61 2
2.6252 2
2.6276 2
2.6284 2
2.6292 2
2.63 2
2.6308 2
2.6316 2
2.6324 2
2.6332 2
2.634 2
2.6492 2
2.6516 2
2.6524 2
2.6532 2
2.654 2
2.6548 2
2.6556 2
2.6564 2
2.6572 2
2.658 2
2.6732 2
2.6756 2
2.6764 2
2.6772 2
2.678 2
2.6788 2
2.6796 2
2.6804 2
2.6812 2
2.682 2
2.6972 2
2.6996 2
2.7004 2
2.7012 2
2.702 2
2.7028 2
2.7036 2
2.7044 2
2.7052 2
2.706 2
2.7212 2
2.7236 2
2.7244 2
2.7252 2
2.726 2
2.7268 2
2.7276 2
2.7284 2
2.7292 2
2.73 2
2.7452 2
2.7476 2
2.7484 2
2.7492 2
2.75 2
2.7508 2
2.7516 2
2.7524 2
2.7532 2
2.754 2
2.7692 2
2.7716 2
2.7724 2
2.7732 2
2.774 2
2.7748 2
2.7756 2
2.7764 2
2.7772 2
2.778 2
2.7932 2
2.7956 2
2.7964 2
2.7972 2
2.798 2
2.7988 2
2.7996 2
2.8004 2
2.8012 2
2.802 2
2.8172 2
2.8196 2
2.8204 2
2.8212 2
2.822 2
2.8228 2
2.8236 2
2.8244 2
2.8252 2
2.826 2
2.8412 2
2.8436 2
2.8444 2
2.8452 2
2.846 2
2.8468 2
2.8476 2
2.8484 2
2.8492 2
2.85 2
2.8652 2
2.8676 2
2.8684 2
2.8692 2
2.87 2
2.8708 2
2.8716 2
2.8724 2
2.8732 2
2.874 2
2.8892 2
2.8916 2
2.8924 2
2.8932 2
2.894 2
2.8948 2
2.8956 2
2.8964 2
2.8972 2
2.898 2
2.9132 2
2.9156 2
2.9164 2
2.9172 2
2.918 2
2.9188 2
2.9196 2
2.9204 2
2.9212 2
2.922 2
2.9372 2
2.9396 2
2.9404 2
2.9412 2
2.942 2
2.9428 2
2.9436 2
2.9444 2
2.9452 2
2.946 2
2.9612 2
2.9636 2
2.9644 2
2.9652 2
2.966 2
2.9668 2
2.9676 2
2.9684 2
2.9692 2
2.97 2
2.9852 2
2.9876 2
2.9884 2
2.9892 2
2.99 2
2.9908 2
2.9916 2
2.9924 2
2.9932 2
2.994 2
3.0092 2
3.0116 2
3.0124 2
3.0132 2
3.014 2
3.0148 2
3.0156 2
3.0164 2
3.0172 2
3.018 2
3.0332 2
3.0356 2
3.0364 2
3.0372 2
3.038 2
3.0388 2
3.0396 2
3.0404 2
3.0412 2
3.042 2
3.0572 2
3.0596 2
3.0604 2
3.0612 2
3.062 2
3.0628 2
3.0636 2
3.0644 2
3.0652 2
3.066 2
3.0812 2
3.0836 2
3.0844 2
3.0852 2
3.086 2
3.0868 2
3.0876 2
3.0884 2
3.0892 2
3.09 2
3.1052 2
3.1076 2
3.1084 2
3.1092 2
3.11 2
3.1108 2
3.1116 2
3.1124 2
3.1132 2
3.114 2
3.1292 2
3.1316 2
3.1324 2
3.1332 2
3.134 2
3.1348 2
3.1356 2
3.1364 2
3.1372 2
3.138 2
3.1532 2
3.1556 2
3.1564 2
3.1572 2
3.158 2
3.1588 2
3.1596 2
3.1604 2
3.1612 2
3.162 2
3.1772 2
3.1796 2
3.1804 2
3.1812 2
3.182 2
3.1828 2
3.1836 2
3.1844 2
3.1852 2
3.186 2
3.2012 2
3.2036 2
3.2044 2
3.2052 2
3.206 2
3.2068 2
3.2076 2
3.2084 2
3.2092 2
3.21 2
3.2252 2
3.2276 2
3.2284 2
3.2292 2
3.23 2
3.2308 2
3.2316 2
3.2324 2
3.2332 2
3.234 2
3.2492 2
3.2516 2
3.2524 2
3.2532 2
3.254 2
3.2548 2
3.2556 2
3.2564 2
3.2572 2
3.258 2
3.2732 2
3.2756 2
3.2764 2
3.2772 2
3.278 2
3.2788 2
3.2796 2
3.2804 2
3.2812 2
3.282 2
3.2972 2
3.2996 2
3.3004 2
3.3012 2
3.302 2
3.3028 2
3.3036 2
3.3044 2
3.3052 2
3.306 2
3.3212 2
3.3236 2
3.3244 2
3.3252 2
3.326 2
3.3268 2
3.3276 2
3.3284 2
3.3292 2
3.33 2
3.3452 2
3.3476 2
3.3484 2
3.3492 2
3.35 2
3.3508 2
3.3516 2
3.3524 2
3.3532 2
3.354 2
3.3692 2
3.3716 2
3.3724 2
3.3732 2
3.374 2
3.3748 2
3.3756 2
3.3764 2
3.3772 2
3.378 2
3.3932 2
3.3956 2
3.3964 2
3.3972 2
3.398 2
3.3988 2
3.3996 2
3.4004 2
3.4012 2
3.402 2
3.4172 2
3.4196 2
3.4204 2
3.4212 2
3.422 2
3.4228 2
3.4236 2
3.4244 2
3.4252 2
3.426 2
3.4412 2
3.4436 2
3.4444 2
3.4452 2
3.446 2
3.4468 2
3.4476 2
3.4484 2
3.4492 2
3.45 2
3.4652 2
3.4676 2
3.4684 2
3.4692 2
3.47 2
3.4708 2
3.4716 2
3.4724 2
3.4732 2
3.474 2
3.4892 2
3.4916 2
3.4924 2
3.4932 2
3.494 2
3.4948 2
3.4956 2
3.4964 2
3.4972 2
3.498 2
3.5132 2
3.5156 2
3.5164 2
3.5172 2
3.518 2
3.5188 2
3.5196 2
3.5204 2
3.5212 2
3.522 2
3.5372 2
3.5396 2
3.5404 2
3.5412 2
3.542 2
3.5428 2
3.5436 2
3.5444 2
3.5444008 2
3.5612 2
3.5636 2
3.5644 2
3.5644008 2
