0 1 0 T
0 2 0 T
0.0208 1 1000 A
0.0208 1 1000 T
0.0208 1 2000 T
0.0216 2 1000 A
0.0216 2 1000 T
0.0216 2 2000 T
0.0416 1 2000 A
0.0416 1 3000 T
0.0416 1 4000 T
0.0424 1 3000 A
0.0424 1 5000 T
0.0424 1 6000 T
0.0432 2 2000 A
0.0432 2 3000 T
0.0432 2 4000 T
0.044 2 3000 A
0.044 2 5000 T
0.044 2 6000 T
0.0624 1 4000 A
0.0624 1 7000 T
0.0624 1 8000 T
0.0632 1 5000 A
0.0632 1 9000 T
0.0632 1 10000 T
0.064 1 6000 A
0.064 1 11000 T
0.064 1 12000 T
0.0648 1 7000 A
0.0648 1 13000 T
0.0648 1 14000 T
0.0656 2 4000 A
0.0656 2 7000 T
0.0656 2 8000 T
0.0664 2 5000 A
0.0664 2 9000 T
0.0664 2 10000 T
0.0672 2 6000 A
0.0672 2 11000 T
0.0672 2 12000 T
0.068 2 7000 A
0.068 2 13000 T
0.068 2 14000 T
0.0832 1 8000 A
0.0832 1 15000 T
0.0832 1 16000 T
0.084 1 9000 A
0.084 1 17000 T
0.084 1 18000 T
0.0848 1 10000 A
0.0848 1 19000 T
0.0848 1 20000 T
0.0856 1 11000 A
0.0856 1 21000 T
0.0856 1 22000 T
0.0864 1 12000 A
0.0864 1 23000 T
0.0864 1 24000 T
0.0872 1 13000 A
0.0872 1 25000 T
0.0872 1 26000 T
0.088 1 14000 A
0.088 1 27000 T
0.088 1 28000 T
0.0888 1 15000 A
0.0888 1 29000 T
0.0888 1 30000 T
0.0896 2 8000 A
0.0896 2 15000 T
0.0896 2 16000 T
0.0904 2 9000 A
0.0904 2 17000 T
0.0904 2 18000 T
0.0912 2 10000 A
0.0912 2 19000 T
0.0912 2 20000 T
0.092 2 11000 A
0.092 2 21000 T
0.092 2 22000 T
0.0928 2 12000 A
0.0928 2 23000 T
0.0928 2 24000 T
0.0936 2 13000 A
0.0936 2 25000 T
0.0936 2 26000 T
0.0944 2 14000 A
0.0944 2 27000 T
0.0944 2 28000 T
0.0952 2 15000 A
0.0952 2 29000 T
0.0952 2 30000 T
0.104 1 16000 A
0.104 1 31000 T
0.104 1 32000 T
0.1048 1 17000 A
0.1048 1 33000 T
0.1048 1 34000 T
0.1056 1 18000 A
0.1056 1 35000 T
0.1056 1 36000 T
0.1064 1 19000 A
0.1064 1 37000 T
0.1064 1 38000 T
0.1072 1 20000 A
0.1072 1 39000 T
0.1072 1 40000 T
0.108 1 21000 A
0.108 1 41000 T
0.108 1 42000 T
0.1088 1 22000 A
0.1088 1 43000 T
0.1088 1 44000 T
0.1096 1 23000 A
0.1096 1 45000 T
0.1096 1 46000 T
0.1104 1 24000 A
0.1104 1 47000 T
0.1104 1 48000 T
0.1112 1 25000 A
0.1112 1 49000 T
0.1112 1 50000 T
0.112 1 26000 A
0.112 1 51000 T
0.112 1 52000 T
0.1128 1 27000 A
0.1128 1 53000 T
0.1128 1 54000 T
0.1136 1 28000 A
0.1136 1 55000 T
0.1136 1 56000 T
0.1144 1 29000 A
0.1144 1 57000 T
0.1144 1 58000 T
0.1152 1 30000 A
0.1152 1 59000 T
0.1152 1 60000 T
0.116 1 31000 A
0.116 1 61000 T
0.116 1 62000 T
0.1168 2 16000 A
0.1168 2 31000 T
0.1168 2 32000 T
0.1176 2 17000 A
0.1176 2 33000 T
0.1176 2 34000 T
0.1184 2 18000 A
0.1184 2 35000 T
0.1184 2 36000 T
0.1192 2 19000 A
0.1192 2 37000 T
0.1192 2 38000 T
0.12 2 20000 A
0.12 2 39000 T
0.12 2 40000 T
0.1208 2 21000 A
0.1208 2 41000 T
0.1208 2 42000 T
0.1216 2 22000 A
0.1216 2 43000 T
0.1216 2 44000 T
0.1224 2 23000 A
0.1224 2 45000 T
0.1224 2 46000 T
0.1232 2 24000 A
0.1232 2 47000 T
0.1232 2 48000 T
0.124 2 25000 A
0.124 2 49000 T
0.124 2 50000 T
0.1248 2 26000 A
0.1248 2 51000 T
0.1248 2 52000 T
0.1256 2 27000 A
0.1256 2 53000 T
0.1256 2 54000 T
0.1264 2 28000 A
0.1264 2 55000 T
0.1264 2 56000 T
0.1272 2 29000 A
0.1272 2 57000 T
0.1272 2 58000 T
0.128 2 30000 A
0.128 2 59000 T
0.128 2 60000 T
0.1288 2 31000 A
0.1288 2 61000 T
0.1288 2 62000 T
0.1296 1 32000 A
0.1296 1 63000 T
0.1296 1 64000 T
0.1304 1 33000 A
0.1304 1 65000 T
0.1304 1 66000 T
0.1312 1 34000 A
0.1312 1 67000 T
0.1312 1 68000 T
0.132 1 35000 A
0.132 1 69000 T
0.132 1 70000 T
0.1328 1 36000 A
0.1328 1 71000 T
0.1328 1 72000 T
0.1336 1 37000 A
0.1336 1 73000 T
0.1336 1 74000 T
0.1344 1 38000 A
0.1344 1 75000 T
0.1344 1 76000 T
0.1352 1 39000 A
0.1352 1 77000 T
0.1352 1 78000 T
0.136 1 40000 A
0.136 1 79000 T
0.136 1 80000 T
0.1368 1 41000 A
0.1368 1 81000 T
0.1368 1 82000 T
0.1376 1 42000 A
0.1376 1 83000 T
0.1376 1 84000 T
0.1384 1 43000 A
0.1384 1 85000 T
0.1384 1 86000 T
0.1392 1 44000 A
0.1392 1 87000 T
0.1392 1 88000 T
0.14 1 45000 A
0.14 1 89000 T
0.14 1 90000 T
0.1408 1 46000 A
0.1408 1 91000 T
0.1408 1 92000 T
0.1416 1 47000 A
0.1416 1 93000 T
0.1416 1 94000 T
0.1424 1 48000 A
0.1424 1 95000 T
0.1424 1 96000 T
0.1432 1 49000 A
0.1432 1 97000 T
0.1432 1 98000 T
0.144 1 50000 A
0.144 1 99000 T
0.144 1 100000 T
0.1448 1 51000 A
0.1448 1 101000 T
0.1448 1 102000 T
0.1456 1 52000 A
0.1456 1 103000 T
0.1456 1 104000 T
0.1464 1 53000 A
0.1464 1 105000 T
0.1464 1 106000 T
0.1472 1 54000 A
0.1472 1 107000 T
0.1472 1 108000 T
0.148 1 55000 A
0.148 1 109000 T
0.148 1 110000 T
0.1488 1 56000 A
0.1488 1 111000 T
0.1488 1 112000 T
0.1496 1 57000 A
0.1496 1 113000 T
0.1496 1 114000 T
0.1504 1 58000 A
0.1504 1 115000 T
0.1504 1 116000 T
0.1512 1 59000 A
0.1512 1 117000 T
0.1512 1 118000 T
0.152 1 60000 A
0.152 1 119000 T
0.152 1 120000 T
0.1528 1 61000 A
0.1528 1 121000 T
0.1528 1 122000 T
0.1536 1 62000 A
0.1536 1 123000 T
0.1536 1 124000 T
0.1544 1 63000 A
0.1544 1 125000 T
0.1544 1 126000 T
0.1552 2 32000 A
0.1552 2 63000 T
0.1552 2 64000 T
0.156 2 33000 A
0.156 2 65000 T
0.156 2 66000 T
0.1568 2 34000 A
0.1568 2 67000 T
0.1568 2 68000 T
0.1576 2 35000 A
0.1576 2 69000 T
0.1576 2 70000 T
0.1584 2 36000 A
0.1584 2 71000 T
0.1584 2 72000 T
0.1592 2 37000 A
0.1592 2 73000 T
0.1592 2 74000 T
0.16 2 38000 A
0.16 2 75000 T
0.16 2 76000 T
0.1608 2 39000 A
0.1608 2 77000 T
0.1608 2 78000 T
0.1616 2 40000 A
0.1616 2 79000 T
0.1616 2 80000 T
0.1624 2 41000 A
0.1624 2 81000 T
0.1624 2 82000 T
0.1632 2 42000 A
0.1632 2 83000 T
0.1632 2 84000 T
0.164 2 43000 A
0.164 2 85000 T
0.164 2 86000 T
0.1648 2 44000 A
0.1648 2 87000 T
0.1648 2 88000 T
0.1656 2 45000 A
0.1656 2 89000 T
0.1656 2 90000 T
0.1664 2 46000 A
0.1664 2 91000 T
0.1664 2 92000 T
0.1672 2 47000 A
0.1672 2 93000 T
0.1672 2 94000 T
0.168 2 48000 A
0.168 2 95000 T
0.168 2 96000 T
0.1688 2 49000 A
0.1688 2 97000 T
0.1688 2 98000 T
0.1696 2 50000 A
0.1696 2 99000 T
0.1696 2 100000 T
0.1704 2 51000 A
0.1704 2 101000 T
0.1704 2 102000 T
0.1712 2 52000 A
0.1712 2 103000 T
0.1712 2 104000 T
0.172 2 53000 A
0.172 2 105000 T
0.172 2 106000 T
0.1728 2 54000 A
0.1728 2 107000 T
0.1728 2 108000 T
0.1736 2 55000 A
0.1736 2 109000 T
0.1736 2 110000 T
0.1744 2 56000 A
0.1744 2 111000 T
0.1744 2 112000 T
0.1752 2 57000 A
0.1752 2 113000 T
0.1752 2 114000 T
0.176 2 58000 A
0.176 2 115000 T
0.176 2 116000 T
0.1768 2 59000 A
0.1768 2 117000 T
0.1768 2 118000 T
0.1776 2 60000 A
0.1776 2 119000 T
0.1776 2 120000 T
0.1784 2 61000 A
0.1784 2 121000 T
0.1784 2 122000 T
0.1792 2 62000 A
0.1792 2 123000 T
0.1792 2 124000 T
0.18 2 63000 A
0.18 2 125000 T
0.18 2 126000 T
0.1808 1 64000 A
0.1808 1 127000 T
0.1808 1 128000 T
0.1816 1 65000 A
0.1816 1 129000 T
0.1816 1 130000 T
0.1824 1 66000 A
0.1824 1 131000 T
0.1824 1 132000 T
0.1832 1 67000 A
0.1832 1 133000 T
0.1832 1 134000 T
0.184 1 68000 A
0.184 1 135000 T
0.184 1 136000 T
0.1848 1 69000 A
0.1848 1 137000 T
0.1848 1 138000 T
0.1856 1 70000 A
0.1856 1 139000 T
0.1856 1 140000 T
0.1864 1 71000 A
0.1864 1 141000 T
0.1864 1 142000 T
0.1872 1 72000 A
0.1872 1 143000 T
0.1872 1 144000 T
0.188 1 73000 A
0.188 1 145000 T
0.188 1 146000 T
0.1888 1 74000 A
0.1888 1 147000 T
0.1888 1 148000 T
0.1896 1 75000 A
0.1896 1 149000 T
0.1896 1 150000 T
0.1904 1 76000 A
0.1904 1 151000 T
0.1904 1 152000 T
0.1912 1 77000 A
0.1912 1 153000 T
0.1912 1 154000 T
0.192 1 78000 A
0.192 1 155000 T
0.192 1 156000 T
0.1928 1 79000 A
0.1928 1 157000 T
0.1928 1 158000 T
0.1936 1 80000 A
0.1936 1 159000 T
0.1936 1 160000 T
0.1944 1 81000 A
0.1944 1 161000 T
0.1944 1 162000 T
0.1952 1 82000 A
0.1952 1 163000 T
0.1952 1 164000 T
0.196 1 83000 A
0.196 1 165000 T
0.196 1 166000 T
0.1968 1 84000 A
0.1968 1 167000 T
0.1968 1 168000 T
0.1976 1 85000 A
0.1976 1 169000 T
0.1976 1 170000 T
0.1984 1 86000 A
0.1984 1 171000 T
0.1984 1 172000 T
0.1992 1 87000 A
0.1992 1 173000 T
0.1992 1 174000 T
0.2 1 88000 A
0.2 1 175000 T
0.2 1 176000 T
0.2008 1 89000 A
0.2008 1 177000 T
0.2008 1 178000 T
0.2016 1 90000 A
0.2016 1 179000 T
0.2016 1 180000 T
0.2024 1 91000 A
0.2024 1 181000 T
0.2024 1 182000 T
0.2032 1 92000 A
0.2032 1 183000 T
0.2032 1 184000 T
0.204 1 93000 A
0.204 1 185000 T
0.204 1 186000 T
0.2048 1 94000 A
0.2048 1 187000 T
0.2048 1 188000 T
0.2056 1 95000 A
0.2056 1 189000 T
0.2056 1 190000 T
0.2064 1 96000 A
0.2064 1 191000 T
0.2064 1 192000 T
0.2072 1 97000 A
0.2072 1 193000 T
0.2072 1 194000 T
0.208 1 98000 A
0.208 1 195000 T
0.208 1 196000 T
0.2088 1 99000 A
0.2088 1 197000 T
0.2088 1 198000 T
0.2096 1 100000 A
0.2096 1 199000 T
0.2096 1 200000 T
0.2104 1 101000 A
0.2104 1 201000 T
0.2104 1 202000 T
0.2112 1 102000 A
0.2112 1 203000 T
0.2112 1 204000 T
0.212 1 103000 A
0.212 1 205000 T
0.212 1 206000 T
0.2128 1 104000 A
0.2128 1 207000 T
0.2128 1 208000 T
0.2136 1 105000 A
0.2136 1 209000 T
0.2136 1 210000 T
0.2144 1 106000 A
0.2144 1 211000 T
0.2144 1 212000 T
0.2152 1 107000 A
0.2152 1 213000 T
0.2152 1 214000 T
0.216 1 108000 A
0.216 1 215000 T
0.216 1 216000 T
0.2168 1 109000 A
0.2168 1 217000 T
0.2168 1 218000 T
0.2176 1 110000 A
0.2176 1 219000 T
0.2176 1 220000 T
0.2184 1 111000 A
0.2184 1 221000 T
0.2184 1 222000 T
0.2192 1 112000 A
0.2192 1 223000 T
0.2192 1 224000 T
0.22 1 113000 A
0.22 1 225000 T
0.22 1 226000 T
0.2208 1 114000 A
0.2208 1 227000 T
0.2208 1 228000 T
0.2216 1 115000 A
0.2216 1 229000 T
0.2216 1 230000 T
0.2224 1 116000 A
0.2224 1 231000 T
0.2224 1 232000 T
0.2232 1 117000 A
0.2232 1 233000 T
0.2232 1 234000 T
0.224 1 118000 A
0.224 1 235000 T
0.224 1 236000 T
0.2248 1 119000 A
0.2248 1 237000 T
0.2248 1 238000 T
0.2256 1 120000 A
0.2256 1 239000 T
0.2256 1 240000 T
0.2264 1 121000 A
0.2264 1 241000 T
0.2264 1 242000 T
0.2272 1 122000 A
0.2272 1 243000 T
0.2272 1 244000 T
0.228 1 123000 A
0.228 1 245000 T
0.228 1 246000 T
0.2288 1 124000 A
0.2288 1 247000 T
0.2288 1 248000 T
0.2296 1 125000 A
0.2296 1 249000 T
0.2296 1 250000 T
0.2304 1 126000 A
0.2304 1 251000 T
0.2304 1 252000 T
0.2312 1 127000 A
0.2312 1 253000 T
0.2312 1 254000 T
0.232 2 64000 A
0.232 2 127000 T
0.232 2 128000 T
0.2328 2 65000 A
0.2328 2 129000 T
0.2328 2 130000 T
0.2336 2 66000 A
0.2336 2 131000 T
0.2336 2 132000 T
0.2344 2 67000 A
0.2344 2 133000 T
0.2344 2 134000 T
0.2352 2 68000 A
0.2352 2 135000 T
0.2352 2 136000 T
0.236 2 69000 A
0.236 2 137000 T
0.236 2 138000 T
0.2368 2 70000 A
0.2368 2 139000 T
0.2368 2 140000 T
0.2376 2 71000 A
0.2376 2 141000 T
0.2376 2 142000 T
0.2384 2 72000 A
0.2384 2 143000 T
0.2384 2 144000 T
0.2392 2 73000 A
0.2392 2 145000 T
0.2392 2 146000 T
0.24 2 74000 A
0.24 2 147000 T
0.24 2 148000 T
0.2408 2 75000 A
0.2408 2 149000 T
0.2408 2 150000 T
0.2416 2 76000 A
0.2416 2 151000 T
0.2416 2 152000 T
0.2424 2 77000 A
0.2424 2 153000 T
0.2424 2 154000 T
0.2432 2 78000 A
0.2432 2 155000 T
0.2432 2 156000 T
0.244 2 79000 A
0.244 2 157000 T
0.244 2 158000 T
0.2448 2 80000 A
0.2448 2 159000 T
0.2448 2 160000 T
0.2456 2 81000 A
0.2456 2 161000 T
0.2456 2 162000 T
0.2464 2 82000 A
0.2464 2 163000 T
0.2464 2 164000 T
0.2472 2 83000 A
0.2472 2 165000 T
0.2472 2 166000 T
0.248 2 84000 A
0.248 2 167000 T
0.248 2 168000 T
0.2488 2 85000 A
0.2488 2 169000 T
0.2488 2 170000 T
0.2496 2 86000 A
0.2496 2 171000 T
0.2496 2 172000 T
0.2504 2 87000 A
0.2504 2 173000 T
0.2504 2 174000 T
0.2512 2 88000 A
0.2512 2 175000 T
0.2512 2 176000 T
0.252 2 89000 A
0.252 2 177000 T
0.252 2 178000 T
0.2528 2 90000 A
0.2528 2 179000 T
0.2528 2 180000 T
0.2536 2 91000 A
0.2536 2 181000 T
0.2536 2 182000 T
0.2544 2 92000 A
0.2544 2 183000 T
0.2544 2 184000 T
0.2552 2 93000 A
0.2552 2 185000 T
0.2552 2 186000 T
0.256 2 94000 A
0.256 2 187000 T
0.256 2 188000 T
0.2568 2 95000 A
0.2568 2 189000 T
0.2568 2 190000 T
0.2576 2 96000 A
0.2576 2 191000 T
0.2576 2 192000 T
0.2584 2 97000 A
0.2584 2 193000 T
0.2584 2 194000 T
0.2592 2 98000 A
0.2592 2 195000 T
0.2592 2 196000 T
0.26 2 99000 A
0.26 2 197000 T
0.26 2 198000 T
0.2608 2 100000 A
0.2608 2 199000 T
0.2608 2 200000 T
0.2616 2 101000 A
0.2616 2 201000 T
0.2616 2 202000 T
0.2624 2 102000 A
0.2624 2 203000 T
0.2624 2 204000 T
0.2632 2 103000 A
0.2632 2 205000 T
0.2632 2 206000 T
0.264 2 104000 A
0.264 2 207000 T
0.264 2 208000 T
0.2648 2 105000 A
0.2648 2 209000 T
0.2648 2 210000 T
0.2656 2 106000 A
0.2656 2 211000 T
0.2656 2 212000 T
0.2664 2 107000 A
0.2664 2 213000 T
0.2664 2 214000 T
0.2672 2 108000 A
0.2672 2 215000 T
0.2672 2 216000 T
0.268 2 109000 A
0.268 2 217000 T
0.268 2 218000 T
0.2688 2 110000 A
0.2688 2 219000 T
0.2688 2 220000 T
0.2696 2 111000 A
0.2696 2 221000 T
0.2696 2 222000 T
0.2704 2 112000 A
0.2704 2 223000 T
0.2704 2 224000 T
0.2712 2 113000 A
0.2712 2 225000 T
0.2712 2 226000 T
0.272 2 114000 A
0.272 2 227000 T
0.272 2 228000 T
0.2728 2 115000 A
0.2728 2 229000 T
0.2728 2 230000 T
0.2736 2 116000 A
0.2736 2 231000 T
0.2736 2 232000 T
0.2744 2 117000 A
0.2744 2 233000 T
0.2744 2 234000 T
0.2752 2 118000 A
0.2752 2 235000 T
0.2752 2 236000 T
0.276 2 119000 A
0.276 2 237000 T
0.276 2 238000 T
0.2768 2 120000 A
0.2768 2 239000 T
0.2768 2 240000 T
0.2776 2 121000 A
0.2776 2 241000 T
0.2776 2 242000 T
0.2784 2 122000 A
0.2784 2 243000 T
0.2784 2 244000 T
0.2792 2 123000 A
0.2792 2 245000 T
0.2792 2 246000 T
0.28 2 124000 A
0.28 2 247000 T
0.28 2 248000 T
0.2808 2 124000 A
0.2808 2 124000 A
0.2816 1 128000 A
0.2816 1 255000 T
0.2816 1 256000 T
0.2824 1 128000 A
0.2824 1 128000 A
0.2832 1 128000 A
0.2832 1 128000 A
0.284 1 128000 A
0.284 1 128000 A
0.284 1 128000 X
0.284 1 128000 T
0.2848 1 128000 A
0.2848 1 128000 A
0.2856 1 128000 A
0.2856 1 128000 A
0.2864 1 128000 A
0.2864 1 128000 A
0.2872 1 128000 A
0.2872 1 128000 A
0.288 1 128000 A
0.288 1 128000 A
0.2888 1 128000 A
0.2888 1 128000 A
0.2896 1 128000 A
0.2896 1 128000 A
0.2904 1 128000 A
0.2904 1 128000 A
0.2912 1 128000 A
0.2912 1 128000 A
0.292 1 128000 A
0.292 1 128000 A
0.2928 1 128000 A
0.2928 1 128000 A
0.2936 1 128000 A
0.2936 1 128000 A
0.2944 1 128000 A
0.2944 1 128000 A
0.2952 1 128000 A
0.2952 1 128000 A
0.296 1 128000 A
0.296 1 128000 A
0.2968 1 128000 A
0.2968 1 128000 A
0.2976 1 128000 A
0.2976 1 128000 A
0.2984 1 128000 A
0.2984 1 128000 A
0.2992 1 128000 A
0.2992 1 128000 A
0.3 1 128000 A
0.3 1 128000 A
0.3008 1 128000 A
0.3008 1 128000 A
0.3016 1 128000 A
0.3016 1 128000 A
0.3024 1 128000 A
0.3024 1 128000 A
0.3032 1 128000 A
0.3032 1 128000 A
0.304 1 128000 A
0.304 1 128000 A
0.3048 1 128000 A
0.3048 1 128000 A
0.3056 1 128000 A
0.3056 1 128000 A
0.3064 1 128000 A
0.3064 1 128000 A
0.3072 1 128000 A
0.3072 1 128000 A
0.308 1 128000 A
0.308 1 128000 A
0.3088 1 128000 A
0.3088 1 128000 A
0.3096 1 128000 A
0.3096 1 128000 A
0.3104 1 128000 A
0.3104 1 128000 A
0.3112 1 128000 A
0.3112 1 128000 A
0.312 1 128000 A
0.312 1 128000 A
0.3128 1 128000 A
0.3128 1 128000 A
0.3136 1 128000 A
0.3136 1 128000 A
0.3144 1 128000 A
0.3144 1 128000 A
0.3152 1 128000 A
0.3152 1 128000 A
0.316 1 128000 A
0.316 1 128000 A
0.3168 1 128000 A
0.3168 1 128000 A
0.3176 1 128000 A
0.3176 1 128000 A
0.3184 1 128000 A
0.3184 1 128000 A
0.3192 1 128000 A
0.3192 1 128000 A
0.32 1 128000 A
0.32 1 128000 A
0.3208 1 128000 A
0.3208 1 128000 A
0.3216 1 128000 A
0.3216 1 128000 A
0.3224 1 128000 A
0.3224 1 128000 A
0.3232 1 128000 A
0.3232 1 128000 A
0.324 1 128000 A
0.324 1 128000 A
0.3248 1 128000 A
0.3248 1 128000 A
0.3256 1 128000 A
0.3256 1 128000 A
0.3264 1 128000 A
0.3264 1 128000 A
0.3272 1 128000 A
0.3272 1 128000 A
0.328 1 128000 A
0.328 1 128000 A
0.3288 1 128000 A
0.3288 1 128000 A
0.3296 1 128000 A
0.3296 1 128000 A
0.3304 1 128000 A
0.3304 1 128000 A
0.3312 1 128000 A
0.3312 1 128000 A
0.332 1 128000 A
0.332 1 128000 A
0.3328 2 124000 A
0.3328 2 124000 A
0.3336 2 124000 A
0.3336 2 124000 A
0.3336 2 124000 X
0.3336 2 124000 T
0.3344 2 124000 A
0.3344 2 124000 A
0.3352 2 124000 A
0.3352 2 124000 A
0.336 2 124000 A
0.336 2 124000 A
0.3368 2 124000 A
0.3368 2 124000 A
0.3376 2 124000 A
0.3376 2 124000 A
0.3384 2 124000 A
0.3384 2 124000 A
0.3392 2 124000 A
0.3392 2 124000 A
0.34 2 124000 A
0.34 2 124000 A
0.3408 2 124000 A
0.3408 2 124000 A
0.3416 2 124000 A
0.3416 2 124000 A
0.3424 2 124000 A
0.3424 2 124000 A
0.3432 2 124000 A
0.3432 2 124000 A
0.344 2 124000 A
0.344 2 124000 A
0.3448 2 124000 A
0.3448 2 124000 A
0.3456 2 124000 A
0.3456 2 124000 A
0.3464 2 124000 A
0.3464 2 124000 A
0.3472 2 124000 A
0.3472 2 124000 A
0.348 2 124000 A
0.348 2 124000 A
0.3488 2 124000 A
0.3488 2 124000 A
0.3496 2 124000 A
0.3496 2 124000 A
0.3504 2 124000 A
0.3504 2 124000 A
0.3512 2 124000 A
0.3512 2 124000 A
0.352 2 124000 A
0.352 2 124000 A
0.3528 2 124000 A
0.3528 2 124000 A
0.3536 2 124000 A
0.3536 2 124000 A
0.3544 2 124000 A
0.3544 2 124000 A
0.3552 2 124000 A
0.3552 2 124000 A
0.356 2 124000 A
0.356 2 124000 A
0.3568 2 124000 A
0.3568 2 124000 A
0.3576 2 124000 A
0.3576 2 124000 A
0.3584 2 124000 A
0.3584 2 124000 A
0.3592 2 124000 A
0.3592 2 124000 A
0.36 2 124000 A
0.36 2 124000 A
0.3608 2 124000 A
0.3608 2 124000 A
0.3616 2 124000 A
0.3616 2 124000 A
0.3624 2 124000 A
0.3624 2 124000 A
0.3632 2 124000 A
0.3632 2 124000 A
0.364 2 124000 A
0.364 2 124000 A
0.3648 2 124000 A
0.3648 2 124000 A
0.3656 2 124000 A
0.3656 2 124000 A
0.3664 2 124000 A
0.3664 2 124000 A
0.3672 2 124000 A
0.3672 2 124000 A
0.368 2 124000 A
0.368 2 124000 A
0.3688 2 124000 A
0.3688 2 124000 A
0.3696 2 124000 A
0.3696 2 124000 A
0.3704 2 124000 A
0.3704 2 124000 A
0.3712 2 124000 A
0.3712 2 124000 A
0.372 2 124000 A
0.372 2 124000 A
0.3728 2 124000 A
0.3728 2 124000 A
0.3736 2 124000 A
0.3736 2 124000 A
0.3744 2 124000 A
0.3744 2 124000 A
0.3752 2 124000 A
0.3752 2 124000 A
0.376 2 124000 A
0.376 2 124000 A
0.3768 2 124000 A
0.3768 2 124000 A
0.3776 2 124000 A
0.3776 2 124000 A
0.3784 2 124000 A
0.3784 2 124000 A
0.3792 2 124000 A
0.3792 2 124000 A
0.38 2 124000 A
0.38 2 124000 A
0.3808 1 128000 A
0.3808 1 128000 A
0.3816 1 128000 A
0.3816 1 128000 A
0.3824 1 130000 A
0.3824 1 130000 T
0.3824 1 131000 T
0.3832 2 126000 A
0.3832 2 126000 T
0.3832 2 127000 T
0.4032 1 132000 A
0.4032 1 132000 T
0.4032 1 133000 T
0.4032 1 134000 T
0.404 1 132000 A
0.404 1 132000 A
0.4048 2 128000 A
0.4048 2 128000 T
0.4048 2 129000 T
0.4048 2 130000 T
0.4056 2 128000 A
0.4056 2 128000 A
0.424 1 134000 A
0.424 1 135000 T
0.424 1 136000 T
0.424 1 137000 T
0.4248 1 134000 A
0.4248 1 134000 A
0.4256 1 136000 A
0.4256 1 138000 T
0.4256 1 139000 T
0.4256 1 140000 T
0.4264 2 130000 A
0.4264 2 131000 T
0.4264 2 132000 T
0.4264 2 133000 T
0.4272 2 130000 A
0.4272 2 130000 A
0.428 2 132000 A
0.428 2 134000 T
0.428 2 135000 T
0.428 2 136000 T
0.4448 1 136000 A
0.4448 1 136000 A
0.4456 1 138000 A
0.4456 1 141000 T
0.4456 1 142000 T
0.4456 1 143000 T
0.4464 1 138000 A
0.4464 1 138000 A
0.4472 1 140000 A
0.4472 1 144000 T
0.4472 1 145000 T
0.4472 1 146000 T
0.448 1 140000 A
0.448 1 140000 A
0.4488 1 142000 A
0.4488 1 147000 T
0.4488 1 148000 T
0.4488 1 149000 T
0.4496 2 132000 A
0.4496 2 132000 A
0.4504 2 134000 A
0.4504 2 137000 T
0.4504 2 138000 T
0.4504 2 139000 T
0.4512 2 134000 A
0.4512 2 134000 A
0.452 2 136000 A
0.452 2 140000 T
0.452 2 141000 T
0.452 2 142000 T
0.4528 2 136000 A
0.4528 2 136000 A
0.4536 2 138000 A
0.4536 2 143000 T
0.4536 2 144000 T
0.4536 2 145000 T
0.4664 1 142000 A
0.4664 1 142000 A
0.4672 1 144000 A
0.4672 1 150000 T
0.4672 1 151000 T
0.4672 1 152000 T
0.468 1 144000 A
0.468 1 144000 A
0.4688 1 146000 A
0.4688 1 153000 T
0.4688 1 154000 T
0.4688 1 155000 T
0.4696 1 146000 A
0.4696 1 146000 A
0.4704 1 148000 A
0.4704 1 156000 T
0.4704 1 157000 T
0.4704 1 158000 T
0.4712 1 148000 A
0.4712 1 148000 A
0.472 1 150000 A
0.472 1 159000 T
0.472 1 160000 T
0.472 1 161000 T
0.4728 1 150000 A
0.4728 1 150000 A
0.4736 2 138000 A
0.4736 2 138000 A
0.4744 2 140000 A
0.4744 2 146000 T
0.4744 2 147000 T
0.4744 2 148000 T
0.4752 2 140000 A
0.4752 2 140000 A
0.476 2 142000 A
0.476 2 149000 T
0.476 2 150000 T
0.476 2 151000 T
0.4768 2 142000 A
0.4768 2 142000 A
0.4776 2 144000 A
0.4776 2 152000 T
0.4776 2 153000 T
0.4776 2 154000 T
0.4784 2 144000 A
0.4784 2 144000 A
0.4792 2 146000 A
0.4792 2 155000 T
0.4792 2 156000 T
0.4792 2 157000 T
0.48 2 146000 A
0.48 2 146000 A
0.488 1 152000 A
0.488 1 162000 T
0.488 1 163000 T
0.488 1 164000 T
0.4888 1 152000 A
0.4888 1 152000 A
0.4896 1 154000 A
0.4896 1 165000 T
0.4896 1 166000 T
0.4896 1 167000 T
0.4904 1 154000 A
0.4904 1 154000 A
0.4912 1 156000 A
0.4912 1 168000 T
0.4912 1 169000 T
0.4912 1 170000 T
0.492 1 156000 A
0.492 1 156000 A
0.4928 1 158000 A
0.4928 1 171000 T
0.4928 1 172000 T
0.4928 1 173000 T
0.4936 1 158000 A
0.4936 1 158000 A
0.4944 1 160000 A
0.4944 1 174000 T
0.4944 1 175000 T
0.4944 1 176000 T
0.4952 1 160000 A
0.4952 1 160000 A
0.496 1 162000 A
0.496 1 177000 T
0.496 1 178000 T
0.496 1 179000 T
0.4968 1 162000 A
0.4968 1 162000 A
0.4976 2 148000 A
0.4976 2 158000 T
0.4976 2 159000 T
0.4976 2 160000 T
0.4984 2 148000 A
0.4984 2 148000 A
0.4992 2 150000 A
0.4992 2 161000 T
0.4992 2 162000 T
0.4992 2 163000 T
0.5 2 150000 A
0.5 2 150000 A
0.5008 2 152000 A
0.5008 2 164000 T
0.5008 2 165000 T
0.5008 2 166000 T
0.5016 2 152000 A
0.5016 2 152000 A
0.5024 2 154000 A
0.5024 2 167000 T
0.5024 2 168000 T
0.5024 2 169000 T
0.5032 2 154000 A
0.5032 2 154000 A
0.504 2 156000 A
0.504 2 170000 T
0.504 2 171000 T
0.504 2 172000 T
0.5048 2 156000 A
0.5048 2 156000 A
0.5056 2 158000 A
0.5056 2 173000 T
0.5056 2 174000 T
0.5056 2 175000 T
0.5064 2 158000 A
0.5064 2 158000 A
0.5088 1 164000 A
0.5088 1 180000 T
0.5088 1 181000 T
0.5088 1 182000 T
0.5096 1 164000 A
0.5096 1 164000 A
0.5104 1 166000 A
0.5104 1 183000 T
0.5104 1 184000 T
0.5104 1 185000 T
0.5112 1 166000 A
0.5112 1 166000 A
0.512 1 168000 A
0.512 1 186000 T
0.512 1 187000 T
0.512 1 188000 T
0.5128 1 168000 A
0.5128 1 168000 A
0.5136 1 170000 A
0.5136 1 189000 T
0.5136 1 190000 T
0.5136 1 191000 T
0.5144 1 170000 A
0.5144 1 170000 A
0.5152 1 172000 A
0.5152 1 192000 T
0.5152 1 193000 T
0.5152 1 194000 T
0.516 1 172000 A
0.516 1 172000 A
0.5168 1 174000 A
0.5168 1 195000 T
0.5168 1 196000 T
0.5168 1 197000 T
0.5176 1 174000 A
0.5176 1 174000 A
0.5184 1 176000 A
0.5184 1 198000 T
0.5184 1 199000 T
0.5184 1 200000 T
0.5192 1 176000 A
0.5192 1 176000 A
0.52 1 178000 A
0.52 1 201000 T
0.52 1 202000 T
0.52 1 203000 T
0.5208 1 178000 A
0.5208 1 178000 A
0.5216 1 180000 A
0.5216 1 204000 T
0.5216 1 205000 T
0.5216 1 206000 T
0.5224 1 180000 A
0.5224 1 180000 A
0.5232 2 160000 A
0.5232 2 176000 T
0.5232 2 177000 T
0.5232 2 178000 T
0.524 2 160000 A
0.524 2 160000 A
0.5248 2 162000 A
0.5248 2 179000 T
0.5248 2 180000 T
0.5248 2 181000 T
0.5256 2 162000 A
0.5256 2 162000 A
0.5264 2 164000 A
0.5264 2 182000 T
0.5264 2 183000 T
0.5264 2 184000 T
0.5272 2 164000 A
0.5272 2 164000 A
0.528 2 166000 A
0.528 2 185000 T
0.528 2 186000 T
0.528 2 187000 T
0.5288 2 166000 A
0.5288 2 166000 A
0.5296 2 168000 A
0.5296 2 188000 T
0.5296 2 189000 T
0.5296 2 190000 T
0.5304 2 168000 A
0.5304 2 168000 A
0.5312 2 170000 A
0.5312 2 191000 T
0.5312 2 192000 T
0.5312 2 193000 T
0.532 2 170000 A
0.532 2 170000 A
0.5328 2 172000 A
0.5328 2 194000 T
0.5328 2 195000 T
0.5328 2 196000 T
0.5336 2 172000 A
0.5336 2 172000 A
0.5344 2 174000 A
0.5344 2 197000 T
0.5344 2 198000 T
0.5344 2 199000 T
0.5352 2 174000 A
0.5352 2 174000 A
0.536 2 176000 A
0.536 2 200000 T
0.536 2 201000 T
0.536 2 202000 T
0.5368 2 176000 A
0.5368 2 176000 A
0.5376 1 182000 A
0.5376 1 207000 T
0.5376 1 208000 T
0.5376 1 209000 T
0.5384 1 182000 A
0.5384 1 182000 A
0.5392 1 184000 A
0.5392 1 210000 T
0.5392 1 211000 T
0.5392 1 212000 T
0.54 1 184000 A
0.54 1 184000 A
0.5408 1 186000 A
0.5408 1 213000 T
0.5408 1 214000 T
0.5408 1 215000 T
0.5416 1 186000 A
0.5416 1 186000 A
0.5424 1 188000 A
0.5424 1 216000 T
0.5424 1 217000 T
0.5424 1 218000 T
0.5432 1 188000 A
0.5432 1 188000 A
0.544 1 190000 A
0.544 1 219000 T
0.544 1 220000 T
0.544 1 221000 T
0.5448 1 190000 A
0.5448 1 190000 A
0.5456 1 192000 A
0.5456 1 222000 T
0.5456 1 223000 T
0.5456 1 224000 T
0.5464 1 192000 A
0.5464 1 192000 A
0.5472 1 194000 A
0.5472 1 225000 T
0.5472 1 226000 T
0.5472 1 227000 T
0.548 1 194000 A
0.548 1 194000 A
0.5488 1 196000 A
0.5488 1 228000 T
0.5488 1 229000 T
0.5488 1 230000 T
0.5496 1 196000 A
0.5496 1 196000 A
0.5504 1 198000 A
0.5504 1 231000 T
0.5504 1 232000 T
0.5504 1 233000 T
0.5512 1 198000 A
0.5512 1 198000 A
0.552 1 200000 A
0.552 1 234000 T
0.552 1 235000 T
0.552 1 236000 T
0.5528 1 200000 A
0.5528 1 200000 A
0.5536 1 202000 A
0.5536 1 237000 T
0.5536 1 238000 T
0.5536 1 239000 T
0.5544 1 202000 A
0.5544 1 202000 A
0.5552 1 204000 A
0.5552 1 240000 T
0.5552 1 241000 T
0.5552 1 242000 T
0.556 1 204000 A
0.556 1 204000 A
0.5568 1 206000 A
0.5568 1 243000 T
0.5568 1 244000 T
0.5568 1 245000 T
0.5576 1 206000 A
0.5576 1 206000 A
0.5584 1 208000 A
0.5584 1 246000 T
0.5584 1 247000 T
0.5584 1 248000 T
0.5592 2 178000 A
0.5592 2 203000 T
0.5592 2 204000 T
0.5592 2 205000 T
0.56 2 178000 A
0.56 2 178000 A
0.5608 2 180000 A
0.5608 2 206000 T
0.5608 2 207000 T
0.5608 2 208000 T
0.5616 2 180000 A
0.5616 2 180000 A
0.5624 2 182000 A
0.5624 2 209000 T
0.5624 2 210000 T
0.5624 2 211000 T
0.5632 2 182000 A
0.5632 2 182000 A
0.564 2 183000 A
0.564 2 212000 T
0.564 2 213000 T
0.5648 2 184000 A
0.5648 2 214000 T
0.5648 2 215000 T
0.5656 2 186000 A
0.5656 2 216000 T
0.5656 2 217000 T
0.5656 2 218000 T
0.5664 2 186000 A
0.5664 2 186000 A
0.5672 2 188000 A
0.5672 2 219000 T
0.5672 2 220000 T
0.5672 2 221000 T
0.568 2 188000 A
0.568 2 188000 A
0.5688 2 190000 A
0.5688 2 222000 T
0.5688 2 223000 T
0.5688 2 224000 T
0.5696 2 190000 A
0.5696 2 190000 A
0.5704 2 192000 A
0.5704 2 225000 T
0.5704 2 226000 T
0.5704 2 227000 T
0.5712 2 192000 A
0.5712 2 192000 A
0.572 2 194000 A
0.572 2 228000 T
0.572 2 229000 T
0.572 2 230000 T
0.5728 2 194000 A
0.5728 2 194000 A
0.5736 2 196000 A
0.5736 2 231000 T
0.5736 2 232000 T
0.5736 2 233000 T
0.5744 2 196000 A
0.5744 2 196000 A
0.5752 2 198000 A
0.5752 2 234000 T
0.5752 2 235000 T
0.5752 2 236000 T
0.576 2 198000 A
0.576 2 198000 A
0.5768 2 200000 A
0.5768 2 237000 T
0.5768 2 238000 T
0.5768 2 239000 T
0.5776 2 200000 A
0.5776 2 200000 A
0.5784 2 202000 A
0.5784 2 240000 T
0.5784 2 241000 T
0.5784 2 242000 T
0.5792 2 202000 A
0.5792 2 202000 A
0.58 2 204000 A
0.58 2 243000 T
0.58 2 244000 T
0.58 2 245000 T
0.5808 1 208000 A
0.5808 1 208000 A
0.5816 1 210000 A
0.5816 1 249000 T
0.5816 1 250000 T
0.5816 1 251000 T
0.5824 1 210000 A
0.5824 1 210000 A
0.5832 1 212000 A
0.5832 1 252000 T
0.5832 1 253000 T
0.5832 1 254000 T
0.584 1 212000 A
0.584 1 212000 A
0.5848 1 214000 A
0.5848 1 255000 T
0.5848 1 256000 T
0.5848 1 257000 T
0.5856 1 214000 A
0.5856 1 214000 A
0.5864 1 216000 A
0.5864 1 258000 T
0.5864 1 259000 T
0.5864 1 260000 T
0.5872 1 216000 A
0.5872 1 216000 A
0.588 1 218000 A
0.588 1 261000 T
0.588 1 262000 T
0.588 1 263000 T
0.5888 1 218000 A
0.5888 1 218000 A
0.5896 1 220000 A
0.5896 1 264000 T
0.5896 1 265000 T
0.5896 1 266000 T
0.5904 1 220000 A
0.5904 1 220000 A
0.5912 1 222000 A
0.5912 1 267000 T
0.5912 1 268000 T
0.5912 1 269000 T
0.592 1 222000 A
0.592 1 222000 A
0.5928 1 224000 A
0.5928 1 270000 T
0.5928 1 271000 T
0.5928 1 272000 T
0.5936 1 224000 A
0.5936 1 224000 A
0.5944 1 226000 A
0.5944 1 273000 T
0.5944 1 274000 T
0.5944 1 275000 T
0.5952 1 226000 A
0.5952 1 226000 A
0.596 1 228000 A
0.596 1 276000 T
0.596 1 277000 T
0.596 1 278000 T
0.5968 1 228000 A
0.5968 1 228000 A
0.5976 1 230000 A
0.5976 1 279000 T
0.5976 1 280000 T
0.5976 1 281000 T
0.5984 1 230000 A
0.5984 1 230000 A
0.5992 1 232000 A
0.5992 1 282000 T
0.5992 1 283000 T
0.5992 1 284000 T
0.6 1 232000 A
0.6 1 232000 A
0.6008 1 234000 A
0.6008 1 285000 T
0.6008 1 286000 T
0.6008 1 287000 T
0.6016 1 234000 A
0.6016 1 234000 A
0.6024 1 236000 A
0.6024 1 288000 T
0.6024 1 289000 T
0.6024 1 290000 T
0.6032 1 236000 A
0.6032 1 236000 A
0.604 1 238000 A
0.604 1 291000 T
0.604 1 292000 T
0.604 1 293000 T
0.6048 1 238000 A
0.6048 1 238000 A
0.6056 1 240000 A
0.6056 1 294000 T
0.6056 1 295000 T
0.6056 1 296000 T
0.6064 1 240000 A
0.6064 1 240000 A
0.6072 1 242000 A
0.6072 1 297000 T
0.6072 1 298000 T
0.6072 1 299000 T
0.608 1 242000 A
0.608 1 242000 A
0.6088 1 244000 A
0.6088 1 300000 T
0.6088 1 301000 T
0.6088 1 302000 T
0.6096 1 244000 A
0.6096 1 244000 A
0.6104 1 246000 A
0.6104 1 303000 T
0.6104 1 304000 T
0.6104 1 305000 T
0.6112 1 246000 A
0.6112 1 246000 A
0.612 1 248000 A
0.612 1 306000 T
0.612 1 307000 T
0.612 1 308000 T
0.6128 1 248000 A
0.6128 1 248000 A
0.6136 1 250000 A
0.6136 1 309000 T
0.6136 1 310000 T
0.6136 1 311000 T
0.6144 2 204000 A
0.6144 2 204000 A
0.6152 2 206000 A
0.6152 2 246000 T
0.6152 2 247000 T
0.6152 2 248000 T
0.616 2 206000 A
0.616 2 206000 A
0.6168 2 208000 A
0.6168 2 249000 T
0.6168 2 250000 T
0.6168 2 251000 T
0.6176 2 208000 A
0.6176 2 208000 A
0.6184 2 210000 A
0.6184 2 252000 T
0.6184 2 253000 T
0.6184 2 254000 T
0.6192 2 210000 A
0.6192 2 210000 A
0.62 2 212000 A
0.62 2 255000 T
0.62 2 256000 T
0.62 2 257000 T
0.6208 2 212000 A
0.6208 2 212000 A
0.6216 2 214000 A
0.6216 2 258000 T
0.6216 2 259000 T
0.6216 2 260000 T
0.6224 2 214000 A
0.6224 2 214000 A
0.6232 2 216000 A
0.6232 2 261000 T
0.6232 2 262000 T
0.6232 2 263000 T
0.624 2 216000 A
0.624 2 216000 A
0.6248 2 218000 A
0.6248 2 264000 T
0.6248 2 265000 T
0.6248 2 266000 T
0.6256 2 218000 A
0.6256 2 218000 A
0.6264 2 220000 A
0.6264 2 267000 T
0.6264 2 268000 T
0.6264 2 269000 T
0.6272 2 220000 A
0.6272 2 220000 A
0.628 2 222000 A
0.628 2 270000 T
0.628 2 271000 T
0.628 2 272000 T
0.6288 2 222000 A
0.6288 2 222000 A
0.6296 2 224000 A
0.6296 2 273000 T
0.6296 2 274000 T
0.6296 2 275000 T
0.6304 2 224000 A
0.6304 2 224000 A
0.6312 2 226000 A
0.6312 2 276000 T
0.6312 2 277000 T
0.6312 2 278000 T
0.632 2 226000 A
0.632 2 226000 A
0.6328 2 228000 A
0.6328 2 279000 T
0.6328 2 280000 T
0.6328 2 281000 T
0.6336 2 228000 A
0.6336 2 228000 A
0.6344 2 230000 A
0.6344 2 282000 T
0.6344 2 283000 T
0.6344 2 284000 T
0.6352 2 230000 A
0.6352 2 230000 A
0.636 2 232000 A
0.636 2 285000 T
0.636 2 286000 T
0.636 2 287000 T
0.6368 2 232000 A
0.6368 2 232000 A
0.6376 2 234000 A
0.6376 2 288000 T
0.6376 2 289000 T
0.6376 2 290000 T
0.6384 2 234000 A
0.6384 2 234000 A
0.6392 2 236000 A
0.6392 2 291000 T
0.6392 2 292000 T
0.6392 2 293000 T
0.64 2 236000 A
0.64 2 236000 A
0.6408 2 238000 A
0.6408 2 294000 T
0.6408 2 295000 T
0.6408 2 296000 T
0.6416 2 238000 A
0.6416 2 238000 A
0.6424 2 240000 A
0.6424 2 297000 T
0.6424 2 298000 T
0.6424 2 299000 T
0.6432 2 240000 A
0.6432 2 240000 A
0.644 2 242000 A
0.644 2 300000 T
0.644 2 301000 T
0.644 2 302000 T
0.6448 2 242000 A
0.6448 2 242000 A
0.6456 2 244000 A
0.6456 2 303000 T
0.6456 2 304000 T
0.6456 2 305000 T
0.6464 2 244000 A
0.6464 2 244000 A
0.6472 2 246000 A
0.6472 2 306000 T
0.6472 2 307000 T
0.6472 2 308000 T
0.648 2 246000 A
0.648 2 246000 A
0.6488 1 250000 A
0.6488 1 250000 A
0.6496 1 252000 A
0.6496 1 312000 T
0.6496 1 313000 T
0.6496 1 314000 T
0.6504 1 252000 A
0.6504 1 252000 A
0.6512 1 254000 A
0.6512 1 315000 T
0.6512 1 316000 T
0.6512 1 317000 T
0.652 1 254000 A
0.652 1 254000 A
0.6528 1 257000 A
0.6528 1 318000 T
0.6528 1 319000 T
0.6528 1 320000 T
0.6528 1 321000 T
0.6536 1 257000 A
0.6536 1 257000 A
0.6544 1 257000 A
0.6544 1 257000 A
0.6552 1 258000 A
0.6552 1 322000 T
0.656 1 259000 A
0.656 1 323000 T
0.6568 1 260000 A
0.6568 1 324000 T
0.6576 1 261000 A
0.6576 1 325000 T
0.6584 1 262000 A
0.6584 1 326000 T
0.6592 1 263000 A
0.6592 1 327000 T
0.66 1 264000 A
0.66 1 328000 T
0.6608 1 265000 A
0.6608 1 329000 T
0.6616 1 266000 A
0.6616 1 330000 T
0.6624 1 267000 A
0.6624 1 331000 T
0.6632 1 268000 A
0.6632 1 332000 T
0.664 1 269000 A
0.664 1 333000 T
0.6648 1 270000 A
0.6648 1 334000 T
0.6656 1 271000 A
0.6656 1 335000 T
0.6664 1 272000 A
0.6664 1 336000 T
0.6672 1 273000 A
0.6672 1 337000 T
0.668 1 274000 A
0.668 1 338000 T
0.6688 1 275000 A
0.6688 1 339000 T
0.6696 1 276000 A
0.6696 1 340000 T
0.6704 1 277000 A
0.6704 1 341000 T
0.6712 1 278000 A
0.6712 1 342000 T
0.672 1 279000 A
0.672 1 343000 T
0.6728 1 280000 A
0.6728 1 344000 T
0.6736 1 281000 A
0.6736 1 345000 T
0.6744 1 282000 A
0.6744 1 346000 T
0.6752 1 283000 A
0.6752 1 347000 T
0.676 1 284000 A
0.676 1 348000 T
0.6768 1 285000 A
0.6768 1 349000 T
0.6776 1 286000 A
0.6776 1 350000 T
0.6784 1 287000 A
0.6784 1 351000 T
0.6792 1 288000 A
0.6792 1 352000 T
0.68 1 289000 A
0.68 1 353000 T
0.6808 1 290000 A
0.6808 1 354000 T
0.6816 1 291000 A
0.6816 1 355000 T
0.6824 1 292000 A
0.6824 1 356000 T
0.6832 1 293000 A
0.6832 1 357000 T
0.684 1 294000 A
0.684 1 358000 T
0.6848 1 295000 A
0.6848 1 359000 T
0.6856 1 296000 A
0.6856 1 360000 T
0.6864 1 297000 A
0.6864 1 361000 T
0.6872 1 298000 A
0.6872 1 362000 T
0.688 1 299000 A
0.688 1 363000 T
0.6888 1 300000 A
0.6888 1 364000 T
0.6896 1 301000 A
0.6896 1 365000 T
0.6904 1 302000 A
0.6904 1 366000 T
0.6912 1 303000 A
0.6912 1 367000 T
0.692 1 304000 A
0.692 1 368000 T
0.6928 1 305000 A
0.6928 1 369000 T
0.6936 1 306000 A
0.6936 1 370000 T
0.6944 1 307000 A
0.6944 1 371000 T
0.6952 1 308000 A
0.6952 1 372000 T
0.696 1 309000 A
0.696 1 373000 T
0.6968 1 310000 A
0.6968 1 374000 T
0.6976 1 311000 A
0.6976 1 375000 T
0.6984 1 312000 A
0.6984 1 376000 T
0.6992 2 248000 A
0.6992 2 309000 T
0.6992 2 310000 T
0.7 2 248000 A
0.7 2 248000 A
0.7008 2 249000 A
0.7008 2 311000 T
0.7016 2 250000 A
0.7016 2 312000 T
0.7024 2 251000 A
0.7024 2 313000 T
0.7032 2 252000 A
0.7032 2 314000 T
0.704 2 253000 A
0.704 2 315000 T
0.7048 2 254000 A
0.7048 2 316000 T
0.7056 2 255000 A
0.7056 2 317000 T
0.7064 2 256000 A
0.7064 2 318000 T
0.7072 2 257000 A
0.7072 2 319000 T
0.708 2 258000 A
0.708 2 320000 T
0.7088 2 259000 A
0.7088 2 321000 T
0.7096 2 260000 A
0.7096 2 322000 T
0.7104 2 261000 A
0.7104 2 323000 T
0.7112 2 262000 A
0.7112 2 324000 T
0.712 2 263000 A
0.712 2 325000 T
0.7128 2 264000 A
0.7128 2 326000 T
0.7136 2 265000 A
0.7136 2 327000 T
0.7144 2 266000 A
0.7144 2 328000 T
0.7152 2 267000 A
0.7152 2 329000 T
0.716 2 268000 A
0.716 2 330000 T
0.7168 2 269000 A
0.7168 2 331000 T
0.7176 2 270000 A
0.7176 2 332000 T
0.7184 2 271000 A
0.7184 2 333000 T
0.7192 2 272000 A
0.7192 2 334000 T
0.72 2 273000 A
0.72 2 335000 T
0.7208 2 274000 A
0.7208 2 336000 T
0.7216 2 275000 A
0.7216 2 337000 T
0.7224 2 276000 A
0.7224 2 338000 T
0.7232 2 277000 A
0.7232 2 339000 T
0.724 2 278000 A
0.724 2 340000 T
0.7248 2 279000 A
0.7248 2 341000 T
0.7256 2 280000 A
0.7256 2 342000 T
0.7264 2 281000 A
0.7264 2 343000 T
0.7272 2 282000 A
0.7272 2 344000 T
0.728 2 283000 A
0.728 2 345000 T
0.7288 2 284000 A
0.7288 2 346000 T
0.7296 2 285000 A
0.7296 2 347000 T
0.7304 2 286000 A
0.7304 2 348000 T
0.7312 2 287000 A
0.7312 2 349000 T
0.732 2 288000 A
0.732 2 350000 T
0.7328 2 289000 A
0.7328 2 351000 T
0.7336 2 290000 A
0.7336 2 352000 T
0.7344 2 291000 A
0.7344 2 353000 T
0.7352 2 292000 A
0.7352 2 354000 T
0.736 2 293000 A
0.736 2 355000 T
0.7368 2 294000 A
0.7368 2 356000 T
0.7376 2 295000 A
0.7376 2 357000 T
0.7384 2 296000 A
0.7384 2 358000 T
0.7392 2 297000 A
0.7392 2 359000 T
0.74 2 298000 A
0.74 2 360000 T
0.7408 2 299000 A
0.7408 2 361000 T
0.7416 2 300000 A
0.7416 2 362000 T
0.7424 2 301000 A
0.7424 2 363000 T
0.7432 2 302000 A
0.7432 2 364000 T
0.744 2 303000 A
0.744 2 365000 T
0.7448 2 304000 A
0.7448 2 366000 T
0.7456 2 305000 A
0.7456 2 367000 T
0.7464 2 305000 A
0.7464 2 305000 A
0.7472 2 305000 A
0.7472 2 305000 A
0.748 1 313000 A
0.748 1 377000 T
0.7488 1 314000 A
0.7488 1 378000 T
0.7496 1 315000 A
0.7496 1 379000 T
0.7504 1 316000 A
0.7504 1 380000 T
0.7512 1 317000 A
0.7512 1 381000 T
0.752 1 317000 A
0.752 1 317000 A
0.7528 1 317000 A
0.7528 1 317000 A
0.7536 1 317000 A
0.7536 1 317000 A
0.7536 1 317000 X
0.7536 1 317000 T
0.7544 1 317000 A
0.7544 1 317000 A
0.7552 1 317000 A
0.7552 1 317000 A
0.756 1 317000 A
0.756 1 317000 A
0.7568 1 317000 A
0.7568 1 317000 A
0.7576 1 317000 A
0.7576 1 317000 A
0.7584 1 317000 A
0.7584 1 317000 A
0.7592 1 317000 A
0.7592 1 317000 A
0.76 1 317000 A
0.76 1 317000 A
0.7608 1 317000 A
0.7608 1 317000 A
0.7616 1 317000 A
0.7616 1 317000 A
0.7624 1 317000 A
0.7624 1 317000 A
0.7632 1 317000 A
0.7632 1 317000 A
0.764 1 317000 A
0.764 1 317000 A
0.7648 1 317000 A
0.7648 1 317000 A
0.7656 1 317000 A
0.7656 1 317000 A
0.7664 1 317000 A
0.7664 1 317000 A
0.7672 1 317000 A
0.7672 1 317000 A
0.768 1 317000 A
0.768 1 317000 A
0.7688 1 317000 A
0.7688 1 317000 A
0.7696 1 317000 A
0.7696 1 317000 A
0.7704 1 317000 A
0.7704 1 317000 A
0.7712 1 317000 A
0.7712 1 317000 A
0.772 1 317000 A
0.772 1 317000 A
0.7728 1 317000 A
0.7728 1 317000 A
0.7736 1 317000 A
0.7736 1 317000 A
0.7744 1 317000 A
0.7744 1 317000 A
0.7752 1 317000 A
0.7752 1 317000 A
0.776 1 317000 A
0.776 1 317000 A
0.7768 1 317000 A
0.7768 1 317000 A
0.7776 1 317000 A
0.7776 1 317000 A
0.7784 1 317000 A
0.7784 1 317000 A
0.7792 1 317000 A
0.7792 1 317000 A
0.78 1 317000 A
0.78 1 317000 A
0.7808 1 317000 A
0.7808 1 317000 A
0.7816 1 317000 A
0.7816 1 317000 A
0.7824 1 317000 A
0.7824 1 317000 A
0.7832 1 317000 A
0.7832 1 317000 A
0.784 1 317000 A
0.784 1 317000 A
0.7848 1 317000 A
0.7848 1 317000 A
0.7856 1 317000 A
0.7856 1 317000 A
0.7864 1 317000 A
0.7864 1 317000 A
0.7872 1 317000 A
0.7872 1 317000 A
0.788 1 317000 A
0.788 1 317000 A
0.7888 1 317000 A
0.7888 1 317000 A
0.7896 1 317000 A
0.7896 1 317000 A
0.7904 1 317000 A
0.7904 1 317000 A
0.7912 1 317000 A
0.7912 1 317000 A
0.792 1 317000 A
0.792 1 317000 A
0.7928 1 317000 A
0.7928 1 317000 A
0.7936 1 317000 A
0.7936 1 317000 A
0.7944 1 317000 A
0.7944 1 317000 A
0.7952 1 317000 A
0.7952 1 317000 A
0.796 1 317000 A
0.796 1 317000 A
0.7968 1 317000 A
0.7968 1 317000 A
0.7976 2 305000 A
0.7976 2 305000 A
0.7976 2 305000 X
0.7976 2 305000 T
0.7984 2 305000 A
0.7984 2 305000 A
0.7992 2 305000 A
0.7992 2 305000 A
0.8 2 305000 A
0.8 2 305000 A
0.8008 2 305000 A
0.8008 2 305000 A
0.8016 2 305000 A
0.8016 2 305000 A
0.8024 2 305000 A
0.8024 2 305000 A
0.8032 2 305000 A
0.8032 2 305000 A
0.804 2 305000 A
0.804 2 305000 A
0.8048 2 305000 A
0.8048 2 305000 A
0.8056 2 305000 A
0.8056 2 305000 A
0.8064 2 305000 A
0.8064 2 305000 A
0.8072 2 305000 A
0.8072 2 305000 A
0.808 2 305000 A
0.808 2 305000 A
0.8088 2 305000 A
0.8088 2 305000 A
0.8096 2 305000 A
0.8096 2 305000 A
0.8104 2 305000 A
0.8104 2 305000 A
0.8112 2 305000 A
0.8112 2 305000 A
0.812 2 305000 A
0.812 2 305000 A
0.8128 2 305000 A
0.8128 2 305000 A
0.8136 2 305000 A
0.8136 2 305000 A
0.8144 2 305000 A
0.8144 2 305000 A
0.8152 2 305000 A
0.8152 2 305000 A
0.816 2 305000 A
0.816 2 305000 A
0.8168 2 305000 A
0.8168 2 305000 A
0.8176 2 305000 A
0.8176 2 305000 A
0.8184 2 305000 A
0.8184 2 305000 A
0.8192 2 305000 A
0.8192 2 305000 A
0.82 2 305000 A
0.82 2 305000 A
0.8208 2 305000 A
0.8208 2 305000 A
0.8216 2 305000 A
0.8216 2 305000 A
0.8224 2 305000 A
0.8224 2 305000 A
0.8232 2 305000 A
0.8232 2 305000 A
0.824 2 305000 A
0.824 2 305000 A
0.8248 2 305000 A
0.8248 2 305000 A
0.8256 2 305000 A
0.8256 2 305000 A
0.8264 2 305000 A
0.8264 2 305000 A
0.8272 2 305000 A
0.8272 2 305000 A
0.828 2 305000 A
0.828 2 305000 A
0.8288 2 305000 A
0.8288 2 305000 A
0.8296 2 305000 A
0.8296 2 305000 A
0.8304 2 305000 A
0.8304 2 305000 A
0.8312 2 305000 A
0.8312 2 305000 A
0.832 2 305000 A
0.832 2 305000 A
0.8328 2 305000 A
0.8328 2 305000 A
0.8336 2 305000 A
0.8336 2 305000 A
0.8344 2 305000 A
0.8344 2 305000 A
0.8352 2 305000 A
0.8352 2 305000 A
0.836 2 305000 A
0.836 2 305000 A
0.8368 2 305000 A
0.8368 2 305000 A
0.8376 2 305000 A
0.8376 2 305000 A
0.8384 2 305000 A
0.8384 2 305000 A
0.8392 2 305000 A
0.8392 2 305000 A
0.84 2 305000 A
0.84 2 305000 A
0.8408 2 305000 A
0.8408 2 305000 A
0.8416 2 305000 A
0.8416 2 305000 A
0.8424 2 305000 A
0.8424 2 305000 A
0.8432 2 305000 A
0.8432 2 305000 A
0.844 2 305000 A
0.844 2 305000 A
0.8448 1 317000 A
0.8448 1 317000 A
0.8456 1 317000 A
0.8456 1 317000 A
0.8464 1 317000 A
0.8464 1 317000 A
0.8472 1 317000 A
0.8472 1 317000 A
0.848 1 317000 A
0.848 1 317000 A
0.8488 1 320000 A
0.8488 1 320000 T
0.8488 1 321000 T
0.8496 2 308000 A
0.8496 2 308000 T
0.8496 2 309000 T
0.8696 1 321000 A
0.8696 1 322000 T
0.8696 1 323000 T
0.8704 1 382000 A
0.8704 1 382000 T
0.8704 1 383000 T
0.8704 1 384000 T
0.8704 1 385000 T
0.8712 2 368000 A
0.8712 2 368000 T
0.8712 2 369000 T
0.8712 2 370000 T
0.872 2 368000 A
0.872 2 368000 A
0.8904 1 382000 A
0.8904 1 382000 A
0.8912 1 382000 A
0.8912 1 382000 A
0.892 1 383000 A
0.892 1 386000 T
0.892 1 387000 T
0.8928 1 384000 A
0.8928 1 388000 T
0.8928 1 389000 T
0.8936 1 385000 A
0.8936 1 390000 T
0.8936 1 391000 T
0.8944 1 386000 A
0.8944 1 392000 T
0.8944 1 393000 T
0.8952 2 369000 A
0.8952 2 371000 T
0.8952 2 372000 T
0.896 2 370000 A
0.896 2 373000 T
0.896 2 374000 T
0.8968 2 371000 A
0.8968 2 375000 T
0.8968 2 376000 T
0.9128 1 387000 A
0.9128 1 394000 T
0.9128 1 395000 T
0.9136 1 388000 A
0.9136 1 396000 T
0.9136 1 397000 T
0.9144 1 389000 A
0.9144 1 398000 T
0.9144 1 399000 T
0.9152 1 390000 A
0.9152 1 400000 T
0.9152 1 401000 T
0.916 1 391000 A
0.916 1 402000 T
0.916 1 403000 T
0.9168 1 392000 A
0.9168 1 404000 T
0.9168 1 405000 T
0.9176 1 393000 A
0.9176 1 406000 T
0.9176 1 407000 T
0.9184 1 394000 A
0.9184 1 408000 T
0.9184 1 409000 T
0.9192 2 372000 A
0.9192 2 377000 T
0.9192 2 378000 T
0.92 2 373000 A
0.92 2 379000 T
0.92 2 380000 T
0.9208 2 374000 A
0.9208 2 381000 T
0.9208 2 382000 T
0.9216 2 375000 A
0.9216 2 383000 T
0.9216 2 384000 T
0.9224 2 376000 A
0.9224 2 385000 T
0.9224 2 386000 T
0.9232 2 377000 A
0.9232 2 387000 T
0.9232 2 388000 T
0.9336 1 395000 A
0.9336 1 410000 T
0.9336 1 411000 T
0.9344 1 396000 A
0.9344 1 412000 T
0.9344 1 413000 T
0.9352 1 397000 A
0.9352 1 414000 T
0.9352 1 415000 T
0.936 1 398000 A
0.936 1 416000 T
0.936 1 417000 T
0.9368 1 399000 A
0.9368 1 418000 T
0.9368 1 419000 T
0.9376 1 400000 A
0.9376 1 420000 T
0.9376 1 421000 T
0.9384 1 401000 A
0.9384 1 422000 T
0.9384 1 423000 T
0.9392 1 402000 A
0.9392 1 424000 T
0.9392 1 425000 T
0.94 1 403000 A
0.94 1 426000 T
0.94 1 427000 T
0.9408 1 404000 A
0.9408 1 428000 T
0.9408 1 429000 T
0.9416 1 405000 A
0.9416 1 430000 T
0.9416 1 431000 T
0.9424 1 406000 A
0.9424 1 432000 T
0.9424 1 433000 T
0.9432 1 407000 A
0.9432 1 434000 T
0.9432 1 435000 T
0.944 1 408000 A
0.944 1 436000 T
0.944 1 437000 T
0.9448 1 409000 A
0.9448 1 438000 T
0.9448 1 439000 T
0.9456 1 410000 A
0.9456 1 440000 T
0.9456 1 441000 T
0.9464 2 378000 A
0.9464 2 389000 T
0.9464 2 390000 T
0.9472 2 379000 A
0.9472 2 391000 T
0.9472 2 392000 T
0.948 2 380000 A
0.948 2 393000 T
0.948 2 394000 T
0.9488 2 381000 A
0.9488 2 395000 T
0.9488 2 396000 T
0.9496 2 382000 A
0.9496 2 397000 T
0.9496 2 398000 T
0.9504 2 383000 A
0.9504 2 399000 T
0.9504 2 400000 T
0.9512 2 384000 A
0.9512 2 401000 T
0.9512 2 402000 T
0.952 2 385000 A
0.952 2 403000 T
0.952 2 404000 T
0.9528 2 386000 A
0.9528 2 405000 T
0.9528 2 406000 T
0.9536 2 387000 A
0.9536 2 407000 T
0.9536 2 408000 T
0.9544 2 388000 A
0.9544 2 409000 T
0.9544 2 410000 T
0.9552 2 389000 A
0.9552 2 411000 T
0.9552 2 412000 T
0.956 1 411000 A
0.956 1 442000 T
0.956 1 443000 T
0.9568 1 412000 A
0.9568 1 444000 T
0.9576 1 413000 A
0.9576 1 445000 T
0.9584 1 414000 A
0.9584 1 446000 T
0.9592 1 415000 A
0.9592 1 447000 T
0.96 1 416000 A
0.96 1 448000 T
0.9608 1 417000 A
0.9608 1 449000 T
0.9616 1 418000 A
0.9616 1 450000 T
0.9624 1 419000 A
0.9624 1 451000 T
0.9632 1 420000 A
0.9632 1 452000 T
0.964 1 421000 A
0.964 1 453000 T
0.9648 1 422000 A
0.9648 1 454000 T
0.9656 1 423000 A
0.9656 1 455000 T
0.9664 1 424000 A
0.9664 1 456000 T
0.9672 1 425000 A
0.9672 1 457000 T
0.968 1 426000 A
0.968 1 458000 T
0.9688 1 427000 A
0.9688 1 459000 T
0.9696 1 428000 A
0.9696 1 460000 T
0.9704 1 429000 A
0.9704 1 461000 T
0.9712 1 430000 A
0.9712 1 462000 T
0.972 1 431000 A
0.972 1 463000 T
0.9728 1 432000 A
0.9728 1 464000 T
0.9736 1 433000 A
0.9736 1 465000 T
0.9744 1 434000 A
0.9744 1 466000 T
0.9752 1 435000 A
0.9752 1 467000 T
0.976 1 436000 A
0.976 1 468000 T
0.9768 1 437000 A
0.9768 1 469000 T
0.9776 1 438000 A
0.9776 1 470000 T
0.9784 1 439000 A
0.9784 1 471000 T
0.9792 1 440000 A
0.9792 1 472000 T
0.98 1 441000 A
0.98 1 473000 T
0.9808 1 442000 A
0.9808 1 474000 T
0.9816 2 390000 A
0.9816 2 413000 T
0.9816 2 414000 T
0.9824 2 391000 A
0.9824 2 415000 T
0.9824 2 416000 T
0.9832 2 392000 A
0.9832 2 417000 T
0.9832 2 418000 T
0.984 2 393000 A
0.984 2 419000 T
0.984 2 420000 T
0.9848 2 394000 A
0.9848 2 421000 T
0.9848 2 422000 T
0.9856 2 395000 A
0.9856 2 423000 T
0.9856 2 424000 T
0.9864 2 396000 A
0.9864 2 425000 T
0.9864 2 426000 T
0.9872 2 397000 A
0.9872 2 427000 T
0.9872 2 428000 T
0.988 2 398000 A
0.988 2 429000 T
0.9888 2 399000 A
0.9888 2 430000 T
0.9896 2 400000 A
0.9896 2 431000 T
0.9904 2 401000 A
0.9904 2 432000 T
0.9912 2 402000 A
0.9912 2 433000 T
0.992 2 403000 A
0.992 2 434000 T
0.9928 2 404000 A
0.9928 2 435000 T
0.9936 2 405000 A
0.9936 2 436000 T
0.9944 2 406000 A
0.9944 2 437000 T
0.9952 2 407000 A
0.9952 2 438000 T
0.996 2 408000 A
0.996 2 439000 T
0.9968 2 409000 A
0.9968 2 440000 T
0.9976 2 410000 A
0.9976 2 441000 T
0.9984 2 411000 A
0.9984 2 442000 T
0.9992 2 412000 A
0.9992 2 443000 T
1.0 2 413000 A
1.0 2 444000 T
1.0008 1 443000 A
1.0008 1 475000 T
1.0016 1 444000 A
1.0016 1 476000 T
1.0024 1 445000 A
1.0024 1 477000 T
1.0024 1 478000 T
1.0032 1 446000 A
1.0032 1 479000 T
1.004 1 447000 A
1.004 1 480000 T
1.0048 1 448000 A
1.0048 1 481000 T
1.0056 1 449000 A
1.0056 1 482000 T
1.0064 1 450000 A
1.0064 1 483000 T
1.0072 1 451000 A
1.0072 1 484000 T
1.008 1 452000 A
1.008 1 485000 T
1.0088 1 453000 A
1.0088 1 486000 T
1.0096 1 454000 A
1.0096 1 487000 T
1.0104 1 455000 A
1.0104 1 488000 T
1.0112 1 456000 A
1.0112 1 489000 T
1.012 1 457000 A
1.012 1 490000 T
1.0128 1 458000 A
1.0128 1 491000 T
1.0136 1 459000 A
1.0136 1 492000 T
1.0144 1 460000 A
1.0144 1 493000 T
1.0152 1 461000 A
1.0152 1 494000 T
1.016 1 462000 A
1.016 1 495000 T
1.0168 1 463000 A
1.0168 1 496000 T
1.0176 1 464000 A
1.0176 1 497000 T
1.0184 1 465000 A
1.0184 1 498000 T
1.0192 1 466000 A
1.0192 1 499000 T
1.02 1 467000 A
1.02 1 500000 T
1.0208 1 468000 A
1.0208 1 501000 T
1.0216 1 469000 A
1.0216 1 502000 T
1.0224 1 470000 A
1.0224 1 503000 T
1.0232 1 471000 A
1.0232 1 504000 T
1.024 1 472000 A
1.024 1 505000 T
1.0248 1 473000 A
1.0248 1 506000 T
1.0256 1 474000 A
1.0256 1 507000 T
1.0264 1 475000 A
1.0264 1 508000 T
1.0272 2 414000 A
1.0272 2 445000 T
1.028 2 415000 A
1.028 2 446000 T
1.0288 2 416000 A
1.0288 2 447000 T
1.0296 2 417000 A
1.0296 2 448000 T
1.0304 2 418000 A
1.0304 2 449000 T
1.0312 2 419000 A
1.0312 2 450000 T
1.032 2 420000 A
1.032 2 451000 T
1.0328 2 421000 A
1.0328 2 452000 T
1.0336 2 422000 A
1.0336 2 453000 T
1.0344 2 423000 A
1.0344 2 454000 T
1.0352 2 424000 A
1.0352 2 455000 T
1.036 2 425000 A
1.036 2 456000 T
1.0368 2 426000 A
1.0368 2 457000 T
1.0376 2 427000 A
1.0376 2 458000 T
1.0384 2 428000 A
1.0384 2 459000 T
1.0392 2 429000 A
1.0392 2 460000 T
1.04 2 430000 A
1.04 2 461000 T
1.04 2 462000 T
1.0408 2 431000 A
1.0408 2 463000 T
1.0416 2 432000 A
1.0416 2 464000 T
1.0424 2 433000 A
1.0424 2 465000 T
1.0432 2 434000 A
1.0432 2 466000 T
1.044 2 435000 A
1.044 2 467000 T
1.0448 2 436000 A
1.0448 2 468000 T
1.0456 2 437000 A
1.0456 2 469000 T
1.0464 2 438000 A
1.0464 2 470000 T
1.0472 2 439000 A
1.0472 2 471000 T
1.048 2 440000 A
1.048 2 472000 T
1.0488 2 441000 A
1.0488 2 473000 T
1.0496 2 442000 A
1.0496 2 474000 T
1.0504 2 443000 A
1.0504 2 475000 T
1.0512 2 444000 A
1.0512 2 476000 T
1.052 2 445000 A
1.052 2 477000 T
1.0528 1 476000 A
1.0528 1 509000 T
1.0536 1 477000 A
1.0536 1 510000 T
1.0544 1 478000 A
1.0544 1 511000 T
1.0552 1 479000 A
1.0552 1 512000 T
1.0552 1 513000 T
1.056 1 480000 A
1.056 1 514000 T
1.0568 1 481000 A
1.0568 1 515000 T
1.0576 1 482000 A
1.0576 1 516000 T
1.0584 1 483000 A
1.0584 1 517000 T
1.0592 1 484000 A
1.0592 1 518000 T
1.06 1 485000 A
1.06 1 519000 T
1.0608 1 486000 A
1.0608 1 520000 T
1.0616 1 487000 A
1.0616 1 521000 T
1.0624 1 488000 A
1.0624 1 522000 T
1.0632 1 489000 A
1.0632 1 523000 T
1.064 1 490000 A
1.064 1 524000 T
1.0648 1 491000 A
1.0648 1 525000 T
1.0656 1 492000 A
1.0656 1 526000 T
1.0664 1 493000 A
1.0664 1 527000 T
1.0672 1 494000 A
1.0672 1 528000 T
1.068 1 495000 A
1.068 1 529000 T
1.0688 1 496000 A
1.0688 1 530000 T
1.0696 1 497000 A
1.0696 1 531000 T
1.0704 1 498000 A
1.0704 1 532000 T
1.0712 1 499000 A
1.0712 1 533000 T
1.072 1 500000 A
1.072 1 534000 T
1.0728 1 501000 A
1.0728 1 535000 T
1.0736 1 502000 A
1.0736 1 536000 T
1.0744 1 503000 A
1.0744 1 537000 T
1.0752 1 504000 A
1.0752 1 538000 T
1.076 1 505000 A
1.076 1 539000 T
1.0768 1 506000 A
1.0768 1 540000 T
1.0776 1 507000 A
1.0776 1 541000 T
1.0784 1 508000 A
1.0784 1 542000 T
1.0792 1 509000 A
1.0792 1 543000 T
1.08 2 446000 A
1.08 2 478000 T
1.0808 2 447000 A
1.0808 2 479000 T
1.0816 2 448000 A
1.0816 2 480000 T
1.0824 2 449000 A
1.0824 2 481000 T
1.0832 2 450000 A
1.0832 2 482000 T
1.084 2 451000 A
1.084 2 483000 T
1.0848 2 452000 A
1.0848 2 484000 T
1.0856 2 453000 A
1.0856 2 485000 T
1.0864 2 454000 A
1.0864 2 486000 T
1.0872 2 455000 A
1.0872 2 487000 T
1.088 2 456000 A
1.088 2 488000 T
1.0888 2 457000 A
1.0888 2 489000 T
1.0896 2 458000 A
1.0896 2 490000 T
1.0904 2 459000 A
1.0904 2 491000 T
1.0912 2 460000 A
1.0912 2 492000 T
1.092 2 461000 A
1.092 2 493000 T
1.0928 2 462000 A
1.0928 2 494000 T
1.0936 2 463000 A
1.0936 2 495000 T
1.0936 2 496000 T
1.0944 2 464000 A
1.0944 2 497000 T
1.0952 2 465000 A
1.0952 2 498000 T
1.096 2 466000 A
1.096 2 499000 T
1.0968 2 467000 A
1.0968 2 500000 T
1.0976 2 468000 A
1.0976 2 501000 T
1.0984 2 469000 A
1.0984 2 502000 T
1.0992 2 470000 A
1.0992 2 503000 T
1.1 2 471000 A
1.1 2 504000 T
1.1008 2 472000 A
1.1008 2 505000 T
1.1016 2 473000 A
1.1016 2 506000 T
1.1024 2 474000 A
1.1024 2 507000 T
1.1032 2 475000 A
1.1032 2 508000 T
1.104 2 476000 A
1.104 2 509000 T
1.1048 2 477000 A
1.1048 2 510000 T
1.1056 2 478000 A
1.1056 2 511000 T
1.1064 1 510000 A
1.1064 1 544000 T
1.1072 1 511000 A
1.1072 1 545000 T
1.108 1 512000 A
1.108 1 546000 T
1.1088 1 513000 A
1.1088 1 547000 T
1.1096 1 514000 A
1.1096 1 548000 T
1.1104 1 515000 A
1.1104 1 549000 T
1.1104 1 550000 T
1.1112 1 516000 A
1.1112 1 551000 T
1.112 1 517000 A
1.112 1 552000 T
1.1128 1 518000 A
1.1128 1 553000 T
1.1136 1 519000 A
1.1136 1 554000 T
1.1144 1 520000 A
1.1144 1 555000 T
1.1152 1 521000 A
1.1152 1 556000 T
1.116 1 522000 A
1.116 1 557000 T
1.1168 1 523000 A
1.1168 1 558000 T
1.1176 1 524000 A
1.1176 1 559000 T
1.1184 1 525000 A
1.1184 1 560000 T
1.1192 1 526000 A
1.1192 1 561000 T
1.12 1 527000 A
1.12 1 562000 T
1.1208 1 528000 A
1.1208 1 563000 T
1.1216 1 529000 A
1.1216 1 564000 T
1.1224 1 530000 A
1.1224 1 565000 T
1.1232 1 531000 A
1.1232 1 566000 T
1.124 1 532000 A
1.124 1 567000 T
1.1248 1 533000 A
1.1248 1 568000 T
1.1256 1 534000 A
1.1256 1 569000 T
1.1264 1 535000 A
1.1264 1 570000 T
1.1272 1 536000 A
1.1272 1 571000 T
1.128 1 537000 A
1.128 1 572000 T
1.1288 1 538000 A
1.1288 1 573000 T
1.1296 1 539000 A
1.1296 1 574000 T
1.1304 1 540000 A
1.1304 1 575000 T
1.1312 1 541000 A
1.1312 1 576000 T
1.132 1 542000 A
1.132 1 577000 T
1.1328 1 543000 A
1.1328 1 578000 T
1.1336 1 544000 A
1.1336 1 579000 T
1.1344 2 479000 A
1.1344 2 512000 T
1.1352 2 480000 A
1.1352 2 513000 T
1.136 2 481000 A
1.136 2 514000 T
1.1368 2 482000 A
1.1368 2 515000 T
1.1376 2 483000 A
1.1376 2 516000 T
1.1384 2 484000 A
1.1384 2 517000 T
1.1392 2 485000 A
1.1392 2 518000 T
1.14 2 486000 A
1.14 2 519000 T
1.1408 2 487000 A
1.1408 2 520000 T
1.1416 2 488000 A
1.1416 2 521000 T
1.1424 2 489000 A
1.1424 2 522000 T
1.1432 2 490000 A
1.1432 2 523000 T
1.144 2 491000 A
1.144 2 524000 T
1.1448 2 492000 A
1.1448 2 525000 T
1.1456 2 493000 A
1.1456 2 526000 T
1.1464 2 494000 A
1.1464 2 527000 T
1.1472 2 495000 A
1.1472 2 528000 T
1.148 2 496000 A
1.148 2 529000 T
1.1488 2 497000 A
1.1488 2 530000 T
1.1496 2 498000 A
1.1496 2 531000 T
1.1496 2 532000 T
1.1504 2 499000 A
1.1504 2 533000 T
1.1512 2 500000 A
1.1512 2 534000 T
1.152 2 501000 A
1.152 2 535000 T
1.1528 2 502000 A
1.1528 2 536000 T
1.1536 2 503000 A
1.1536 2 537000 T
1.1544 2 504000 A
1.1544 2 538000 T
1.1552 2 505000 A
1.1552 2 539000 T
1.156 2 506000 A
1.156 2 540000 T
1.1568 2 507000 A
1.1568 2 541000 T
1.1576 2 508000 A
1.1576 2 542000 T
1.1584 2 509000 A
1.1584 2 543000 T
1.1592 2 510000 A
1.1592 2 544000 T
1.16 2 511000 A
1.16 2 545000 T
1.1608 2 512000 A
1.1608 2 546000 T
1.1616 1 545000 A
1.1616 1 580000 T
1.1624 1 546000 A
1.1624 1 581000 T
1.1632 1 547000 A
1.1632 1 582000 T
1.164 1 548000 A
1.164 1 583000 T
1.1648 1 549000 A
1.1648 1 584000 T
1.1656 1 550000 A
1.1656 1 585000 T
1.1664 1 551000 A
1.1664 1 586000 T
1.1672 1 552000 A
1.1672 1 587000 T
1.1672 1 588000 T
1.168 1 553000 A
1.168 1 589000 T
1.1688 1 554000 A
1.1688 1 590000 T
1.1696 1 555000 A
1.1696 1 591000 T
1.1704 1 556000 A
1.1704 1 592000 T
1.1712 1 557000 A
1.1712 1 593000 T
1.172 1 558000 A
1.172 1 594000 T
1.1728 1 559000 A
1.1728 1 595000 T
1.1736 1 560000 A
1.1736 1 596000 T
1.1744 1 561000 A
1.1744 1 597000 T
1.1752 1 562000 A
1.1752 1 598000 T
1.176 1 563000 A
1.176 1 599000 T
1.1768 1 564000 A
1.1768 1 600000 T
1.1776 1 565000 A
1.1776 1 601000 T
1.1784 1 566000 A
1.1784 1 602000 T
1.1792 1 567000 A
1.1792 1 603000 T
1.18 1 568000 A
1.18 1 604000 T
1.1808 1 569000 A
1.1808 1 605000 T
1.1816 1 570000 A
1.1816 1 606000 T
1.1824 1 571000 A
1.1824 1 607000 T
1.1832 1 572000 A
1.1832 1 608000 T
1.184 1 573000 A
1.184 1 609000 T
1.1848 1 574000 A
1.1848 1 610000 T
1.1856 1 575000 A
1.1856 1 611000 T
1.1864 1 576000 A
1.1864 1 612000 T
1.1872 1 577000 A
1.1872 1 613000 T
1.188 1 578000 A
1.188 1 614000 T
1.1888 1 579000 A
1.1888 1 615000 T
1.1896 1 580000 A
1.1896 1 616000 T
1.1904 2 513000 A
1.1904 2 547000 T
1.1912 2 514000 A
1.1912 2 548000 T
1.192 2 515000 A
1.192 2 549000 T
1.1928 2 516000 A
1.1928 2 550000 T
1.1936 2 517000 A
1.1936 2 551000 T
1.1944 2 518000 A
1.1944 2 552000 T
1.1952 2 519000 A
1.1952 2 553000 T
1.196 2 520000 A
1.196 2 554000 T
1.1968 2 521000 A
1.1968 2 555000 T
1.1976 2 522000 A
1.1976 2 556000 T
1.1984 2 523000 A
1.1984 2 557000 T
1.1992 2 524000 A
1.1992 2 558000 T
1.2 2 525000 A
1.2 2 559000 T
1.2008 2 526000 A
1.2008 2 560000 T
1.2016 2 527000 A
1.2016 2 561000 T
1.2024 2 528000 A
1.2024 2 562000 T
1.2032 2 529000 A
1.2032 2 563000 T
1.204 2 530000 A
1.204 2 564000 T
1.2048 2 531000 A
1.2048 2 565000 T
1.2056 2 532000 A
1.2056 2 566000 T
1.2064 2 533000 A
1.2064 2 567000 T
1.2064 2 568000 T
1.2072 2 534000 A
1.2072 2 569000 T
1.208 2 535000 A
1.208 2 570000 T
1.2088 2 536000 A
1.2088 2 571000 T
1.2096 2 537000 A
1.2096 2 572000 T
1.2104 2 538000 A
1.2104 2 573000 T
1.2112 2 539000 A
1.2112 2 574000 T
1.212 2 540000 A
1.212 2 575000 T
1.2128 2 541000 A
1.2128 2 576000 T
1.2136 2 542000 A
1.2136 2 577000 T
1.2144 2 543000 A
1.2144 2 578000 T
1.2152 2 544000 A
1.2152 2 579000 T
1.216 2 545000 A
1.216 2 580000 T
1.2168 2 546000 A
1.2168 2 581000 T
1.2176 2 547000 A
1.2176 2 582000 T
1.2184 1 581000 A
1.2184 1 617000 T
1.2192 1 582000 A
1.2192 1 618000 T
1.22 1 583000 A
1.22 1 619000 T
1.2208 1 584000 A
1.2208 1 620000 T
1.2216 1 585000 A
1.2216 1 621000 T
1.2224 1 586000 A
1.2224 1 622000 T
1.2232 1 587000 A
1.2232 1 623000 T
1.224 1 588000 A
1.224 1 624000 T
1.2248 1 589000 A
1.2248 1 625000 T
1.2248 1 626000 T
1.2256 1 590000 A
1.2256 1 627000 T
1.2264 1 591000 A
1.2264 1 628000 T
1.2272 1 592000 A
1.2272 1 629000 T
1.228 1 593000 A
1.228 1 630000 T
1.2288 1 594000 A
1.2288 1 631000 T
1.2296 1 595000 A
1.2296 1 632000 T
1.2304 1 596000 A
1.2304 1 633000 T
1.2312 1 597000 A
1.2312 1 634000 T
1.232 1 598000 A
1.232 1 635000 T
1.2328 1 599000 A
1.2328 1 636000 T
1.2336 1 600000 A
1.2336 1 637000 T
1.2344 1 601000 A
1.2344 1 638000 T
1.2352 1 602000 A
1.2352 1 639000 T
1.236 1 603000 A
1.236 1 640000 T
1.2368 1 604000 A
1.2368 1 641000 T
1.2376 1 605000 A
1.2376 1 642000 T
1.2384 1 606000 A
1.2384 1 643000 T
1.2392 1 607000 A
1.2392 1 644000 T
1.24 1 608000 A
1.24 1 645000 T
1.2408 1 609000 A
1.2408 1 646000 T
1.2416 1 610000 A
1.2416 1 647000 T
1.2424 1 611000 A
1.2424 1 648000 T
1.2432 1 612000 A
1.2432 1 649000 T
1.244 1 613000 A
1.244 1 650000 T
1.2448 1 614000 A
1.2448 1 651000 T
1.2456 1 615000 A
1.2456 1 652000 T
1.2464 1 616000 A
1.2464 1 653000 T
1.2472 1 617000 A
1.2472 1 654000 T
1.248 2 548000 A
1.248 2 583000 T
1.2488 2 549000 A
1.2488 2 584000 T
1.2496 2 550000 A
1.2496 2 585000 T
1.2504 2 551000 A
1.2504 2 586000 T
1.2512 2 552000 A
1.2512 2 587000 T
1.252 2 553000 A
1.252 2 588000 T
1.2528 2 554000 A
1.2528 2 589000 T
1.2536 2 555000 A
1.2536 2 590000 T
1.2544 2 556000 A
1.2544 2 591000 T
1.2552 2 557000 A
1.2552 2 592000 T
1.256 2 558000 A
1.256 2 593000 T
1.2568 2 559000 A
1.2568 2 594000 T
1.2576 2 560000 A
1.2576 2 595000 T
1.2584 2 561000 A
1.2584 2 596000 T
1.2592 2 562000 A
1.2592 2 597000 T
1.26 2 563000 A
1.26 2 598000 T
1.2608 2 564000 A
1.2608 2 599000 T
1.2616 2 565000 A
1.2616 2 600000 T
1.2624 2 566000 A
1.2624 2 601000 T
1.2632 2 567000 A
1.2632 2 602000 T
1.264 2 568000 A
1.264 2 603000 T
1.2648 2 569000 A
1.2648 2 604000 T
1.2656 2 570000 A
1.2656 2 605000 T
1.2656 2 606000 T
1.2664 2 571000 A
1.2664 2 607000 T
1.2672 2 572000 A
1.2672 2 608000 T
1.268 2 573000 A
1.268 2 609000 T
1.2688 2 574000 A
1.2688 2 610000 T
1.2696 2 575000 A
1.2696 2 611000 T
1.2704 2 576000 A
1.2704 2 612000 T
1.2712 2 577000 A
1.2712 2 613000 T
1.272 2 578000 A
1.272 2 614000 T
1.2728 2 579000 A
1.2728 2 615000 T
1.2736 2 580000 A
1.2736 2 616000 T
1.2744 2 581000 A
1.2744 2 617000 T
1.2752 2 582000 A
1.2752 2 618000 T
1.276 2 583000 A
1.276 2 619000 T
1.2768 1 618000 A
1.2768 1 655000 T
1.2776 1 619000 A
1.2776 1 656000 T
1.2784 1 620000 A
1.2784 1 657000 T
1.2792 1 621000 A
1.2792 1 658000 T
1.28 1 622000 A
1.28 1 659000 T
1.2808 1 623000 A
1.2808 1 660000 T
1.2816 1 624000 A
1.2816 1 661000 T
1.2824 1 625000 A
1.2824 1 662000 T
1.2832 1 626000 A
1.2832 1 663000 T
1.284 1 627000 A
1.284 1 664000 T
1.284 1 665000 T
1.2848 1 628000 A
1.2848 1 666000 T
1.2856 1 629000 A
1.2856 1 667000 T
1.2864 1 630000 A
1.2864 1 668000 T
1.2872 1 631000 A
1.2872 1 669000 T
1.288 1 632000 A
1.288 1 670000 T
1.2888 1 633000 A
1.2888 1 671000 T
1.2896 1 634000 A
1.2896 1 672000 T
1.2904 1 635000 A
1.2904 1 673000 T
1.2912 1 636000 A
1.2912 1 674000 T
1.292 1 637000 A
1.292 1 675000 T
1.2928 1 638000 A
1.2928 1 676000 T
1.2936 1 639000 A
1.2936 1 677000 T
1.2944 1 640000 A
1.2944 1 678000 T
1.2952 1 641000 A
1.2952 1 679000 T
1.296 1 642000 A
1.296 1 680000 T
1.2968 1 643000 A
1.2968 1 681000 T
1.2976 1 644000 A
1.2976 1 682000 T
1.2984 1 645000 A
1.2984 1 683000 T
1.2992 1 646000 A
1.2992 1 684000 T
1.3 1 647000 A
1.3 1 685000 T
1.3008 1 648000 A
1.3008 1 686000 T
1.3016 1 649000 A
1.3016 1 687000 T
1.3024 1 650000 A
1.3024 1 688000 T
1.3032 1 651000 A
1.3032 1 689000 T
1.304 1 652000 A
1.304 1 690000 T
1.3048 1 653000 A
1.3048 1 691000 T
1.3056 1 654000 A
1.3056 1 692000 T
1.3064 1 655000 A
1.3064 1 693000 T
1.3072 2 584000 A
1.3072 2 620000 T
1.308 2 585000 A
1.308 2 621000 T
1.3088 2 586000 A
1.3088 2 622000 T
1.3096 2 587000 A
1.3096 2 623000 T
1.3104 2 588000 A
1.3104 2 624000 T
1.3112 2 589000 A
1.3112 2 625000 T
1.312 2 590000 A
1.312 2 626000 T
1.3128 2 591000 A
1.3128 2 627000 T
1.3136 2 592000 A
1.3136 2 628000 T
1.3144 2 593000 A
1.3144 2 629000 T
1.3152 2 594000 A
1.3152 2 630000 T
1.316 2 595000 A
1.316 2 631000 T
1.3168 2 596000 A
1.3168 2 632000 T
1.3176 2 597000 A
1.3176 2 633000 T
1.3184 2 598000 A
1.3184 2 634000 T
1.3192 2 599000 A
1.3192 2 635000 T
1.32 2 600000 A
1.32 2 636000 T
1.3208 2 601000 A
1.3208 2 637000 T
1.3216 2 602000 A
1.3216 2 638000 T
1.3224 2 603000 A
1.3224 2 639000 T
1.3232 2 604000 A
1.3232 2 640000 T
1.324 2 605000 A
1.324 2 641000 T
1.3248 2 606000 A
1.3248 2 642000 T
1.3256 2 607000 A
1.3256 2 643000 T
1.3256 2 644000 T
1.3264 2 608000 A
1.3264 2 645000 T
1.3272 2 609000 A
1.3272 2 646000 T
1.328 2 610000 A
1.328 2 647000 T
1.3288 2 611000 A
1.3288 2 648000 T
1.3296 2 612000 A
1.3296 2 649000 T
1.3304 2 613000 A
1.3304 2 650000 T
1.3312 2 614000 A
1.3312 2 651000 T
1.332 2 615000 A
1.332 2 652000 T
1.3328 2 616000 A
1.3328 2 653000 T
1.3336 2 617000 A
1.3336 2 654000 T
1.3344 2 618000 A
1.3344 2 655000 T
1.3352 2 619000 A
1.3352 2 656000 T
1.336 2 620000 A
1.336 2 657000 T
1.3368 1 656000 A
1.3368 1 694000 T
1.3376 1 657000 A
1.3376 1 695000 T
1.3384 1 658000 A
1.3384 1 696000 T
1.3392 1 659000 A
1.3392 1 697000 T
1.34 1 660000 A
1.34 1 698000 T
1.3408 1 661000 A
1.3408 1 699000 T
1.3416 1 662000 A
1.3416 1 700000 T
1.3424 1 663000 A
1.3424 1 701000 T
1.3432 1 664000 A
1.3432 1 702000 T
1.344 1 665000 A
1.344 1 703000 T
1.3448 1 666000 A
1.3448 1 704000 T
1.3456 1 667000 A
1.3456 1 705000 T
1.3456 1 706000 T
1.3464 1 668000 A
1.3464 1 707000 T
1.3472 1 669000 A
1.3472 1 708000 T
1.348 1 670000 A
1.348 1 709000 T
1.3488 1 671000 A
1.3488 1 710000 T
1.3496 1 672000 A
1.3496 1 711000 T
1.3504 1 673000 A
1.3504 1 712000 T
1.3512 1 674000 A
1.3512 1 713000 T
1.352 1 675000 A
1.352 1 714000 T
1.3528 1 676000 A
1.3528 1 715000 T
1.3536 1 677000 A
1.3536 1 716000 T
1.3544 1 678000 A
1.3544 1 717000 T
1.3552 1 679000 A
1.3552 1 718000 T
1.356 1 680000 A
1.356 1 719000 T
1.3568 1 681000 A
1.3568 1 720000 T
1.3576 1 682000 A
1.3576 1 721000 T
1.3584 1 683000 A
1.3584 1 722000 T
1.3592 1 684000 A
1.3592 1 723000 T
1.36 1 685000 A
1.36 1 724000 T
1.3608 1 686000 A
1.3608 1 725000 T
1.3616 1 687000 A
1.3616 1 726000 T
1.3624 1 688000 A
1.3624 1 727000 T
1.3632 1 689000 A
1.3632 1 728000 T
1.364 1 690000 A
1.364 1 729000 T
1.3648 1 691000 A
1.3648 1 730000 T
1.3656 1 692000 A
1.3656 1 731000 T
1.3664 1 693000 A
1.3664 1 732000 T
1.3672 1 694000 A
1.3672 1 733000 T
1.368 2 621000 A
1.368 2 658000 T
1.3688 2 622000 A
1.3688 2 659000 T
1.3696 2 623000 A
1.3696 2 660000 T
1.3704 2 624000 A
1.3704 2 661000 T
1.3712 2 625000 A
1.3712 2 662000 T
1.372 2 626000 A
1.372 2 663000 T
1.3728 2 627000 A
1.3728 2 664000 T
1.3736 2 628000 A
1.3736 2 665000 T
1.3744 2 629000 A
1.3744 2 666000 T
1.3752 2 630000 A
1.3752 2 667000 T
1.376 2 631000 A
1.376 2 668000 T
1.3768 2 632000 A
1.3768 2 669000 T
1.3776 2 633000 A
1.3776 2 670000 T
1.3784 2 634000 A
1.3784 2 671000 T
1.3792 2 635000 A
1.3792 2 672000 T
1.38 2 636000 A
1.38 2 673000 T
1.3808 2 637000 A
1.3808 2 674000 T
1.3816 2 638000 A
1.3816 2 675000 T
1.3824 2 639000 A
1.3824 2 676000 T
1.3832 2 640000 A
1.3832 2 677000 T
1.384 2 641000 A
1.384 2 678000 T
1.3848 2 642000 A
1.3848 2 679000 T
1.3856 2 643000 A
1.3856 2 680000 T
1.3864 2 644000 A
1.3864 2 681000 T
1.3872 2 645000 A
1.3872 2 682000 T
1.388 2 646000 A
1.388 2 683000 T
1.388 2 684000 T
1.3888 2 647000 A
1.3888 2 685000 T
1.3896 2 648000 A
1.3896 2 686000 T
1.3904 2 649000 A
1.3904 2 687000 T
1.3912 2 650000 A
1.3912 2 688000 T
1.392 2 651000 A
1.392 2 689000 T
1.3928 2 652000 A
1.3928 2 690000 T
1.3936 2 653000 A
1.3936 2 691000 T
1.3944 2 654000 A
1.3944 2 692000 T
1.3952 2 655000 A
1.3952 2 693000 T
1.396 2 656000 A
1.396 2 694000 T
1.3968 2 657000 A
1.3968 2 695000 T
1.3976 2 658000 A
1.3976 2 696000 T
1.3984 1 695000 A
1.3984 1 734000 T
1.3992 1 696000 A
1.3992 1 735000 T
1.4 1 697000 A
1.4 1 736000 T
1.4008 1 698000 A
1.4008 1 737000 T
1.4016 1 699000 A
1.4016 1 738000 T
1.4024 1 700000 A
1.4024 1 739000 T
1.4032 1 701000 A
1.4032 1 740000 T
1.404 1 702000 A
1.404 1 741000 T
1.4048 1 703000 A
1.4048 1 742000 T
1.4056 1 704000 A
1.4056 1 743000 T
1.4064 1 705000 A
1.4064 1 744000 T
1.4072 1 706000 A
1.4072 1 745000 T
1.408 1 707000 A
1.408 1 746000 T
1.408 1 747000 T
1.4088 1 708000 A
1.4088 1 748000 T
1.4096 1 709000 A
1.4096 1 749000 T
1.4104 1 710000 A
1.4104 1 750000 T
1.4112 1 711000 A
1.4112 1 751000 T
1.412 1 712000 A
1.412 1 752000 T
1.4128 1 713000 A
1.4128 1 753000 T
1.4136 1 714000 A
1.4136 1 754000 T
1.4144 1 715000 A
1.4144 1 755000 T
1.4152 1 716000 A
1.4152 1 756000 T
1.416 1 717000 A
1.416 1 757000 T
1.4168 1 718000 A
1.4168 1 758000 T
1.4176 1 719000 A
1.4176 1 759000 T
1.4184 1 720000 A
1.4184 1 760000 T
1.4192 1 721000 A
1.4192 1 761000 T
1.42 1 722000 A
1.42 1 762000 T
1.4208 1 723000 A
1.4208 1 763000 T
1.4216 1 724000 A
1.4216 1 764000 T
1.4224 1 725000 A
1.4224 1 765000 T
1.4232 1 726000 A
1.4232 1 766000 T
1.424 1 727000 A
1.424 1 767000 T
1.4248 1 728000 A
1.4248 1 768000 T
1.4256 1 729000 A
1.4256 1 769000 T
1.4264 1 730000 A
1.4264 1 770000 T
1.4272 1 731000 A
1.4272 1 771000 T
1.428 1 732000 A
1.428 1 772000 T
1.4288 1 733000 A
1.4288 1 773000 T
1.4296 1 734000 A
1.4296 1 774000 T
1.4304 2 659000 A
1.4304 2 697000 T
1.4312 2 660000 A
1.4312 2 698000 T
1.432 2 661000 A
1.432 2 699000 T
1.4328 2 662000 A
1.4328 2 700000 T
1.4336 2 663000 A
1.4336 2 701000 T
1.4344 2 664000 A
1.4344 2 702000 T
1.4352 2 665000 A
1.4352 2 703000 T
1.436 2 666000 A
1.436 2 704000 T
1.4368 2 667000 A
1.4368 2 705000 T
1.4376 2 668000 A
1.4376 2 706000 T
1.4384 2 669000 A
1.4384 2 707000 T
1.4392 2 670000 A
1.4392 2 708000 T
1.44 2 671000 A
1.44 2 709000 T
1.4408 2 672000 A
1.4408 2 710000 T
1.4416 2 673000 A
1.4416 2 711000 T
1.4424 2 674000 A
1.4424 2 712000 T
1.4432 2 675000 A
1.4432 2 713000 T
1.444 2 676000 A
1.444 2 714000 T
1.4448 2 677000 A
1.4448 2 715000 T
1.4456 2 678000 A
1.4456 2 716000 T
1.4464 2 679000 A
1.4464 2 717000 T
1.4472 2 680000 A
1.4472 2 718000 T
1.448 2 681000 A
1.448 2 719000 T
1.4488 2 682000 A
1.4488 2 720000 T
1.4496 2 683000 A
1.4496 2 721000 T
1.4504 2 684000 A
1.4504 2 722000 T
1.4512 2 685000 A
1.4512 2 723000 T
1.452 2 686000 A
1.452 2 724000 T
1.452 2 725000 T
1.4528 2 687000 A
1.4528 2 726000 T
1.4536 2 688000 A
1.4536 2 727000 T
1.4544 2 689000 A
1.4544 2 728000 T
1.4552 2 690000 A
1.4552 2 729000 T
1.456 2 691000 A
1.456 2 730000 T
1.4568 2 692000 A
1.4568 2 731000 T
1.4576 2 693000 A
1.4576 2 732000 T
1.4584 2 694000 A
1.4584 2 733000 T
1.4592 2 695000 A
1.4592 2 734000 T
1.46 2 696000 A
1.46 2 735000 T
1.4608 2 697000 A
1.4608 2 736000 T
1.4616 1 735000 A
1.4616 1 775000 T
1.4624 1 736000 A
1.4624 1 776000 T
1.4632 1 737000 A
1.4632 1 777000 T
1.464 1 738000 A
1.464 1 778000 T
1.4648 1 739000 A
1.4648 1 779000 T
1.4656 1 740000 A
1.4656 1 780000 T
1.4664 1 741000 A
1.4664 1 781000 T
1.4672 1 742000 A
1.4672 1 782000 T
1.468 1 743000 A
1.468 1 783000 T
1.4688 1 744000 A
1.4688 1 784000 T
1.4696 1 745000 A
1.4696 1 785000 T
1.4704 1 746000 A
1.4704 1 786000 T
1.4712 1 747000 A
1.4712 1 787000 T
1.472 1 748000 A
1.472 1 788000 T
1.4728 1 749000 A
1.4728 1 789000 T
1.4728 1 790000 T
1.4736 1 750000 A
1.4736 1 791000 T
1.4744 1 751000 A
1.4744 1 792000 T
1.4752 1 752000 A
1.4752 1 793000 T
1.476 1 753000 A
1.476 1 794000 T
1.4768 1 754000 A
1.4768 1 795000 T
1.4776 1 755000 A
1.4776 1 796000 T
1.4784 1 756000 A
1.4784 1 797000 T
1.4792 1 757000 A
1.4792 1 798000 T
1.48 1 758000 A
1.48 1 799000 T
1.4808 1 759000 A
1.4808 1 800000 T
1.4816 1 760000 A
1.4816 1 801000 T
1.4824 1 761000 A
1.4824 1 802000 T
1.4832 1 762000 A
1.4832 1 803000 T
1.484 1 763000 A
1.484 1 804000 T
1.4848 1 764000 A
1.4848 1 805000 T
1.4856 1 765000 A
1.4856 1 806000 T
1.4864 1 766000 A
1.4864 1 807000 T
1.4872 1 767000 A
1.4872 1 808000 T
1.488 1 768000 A
1.488 1 809000 T
1.4888 1 769000 A
1.4888 1 810000 T
1.4896 1 770000 A
1.4896 1 811000 T
1.4904 1 771000 A
1.4904 1 812000 T
1.4912 1 772000 A
1.4912 1 813000 T
1.492 1 773000 A
1.492 1 814000 T
1.4928 1 774000 A
1.4928 1 815000 T
1.4936 1 775000 A
1.4936 1 816000 T
1.4944 2 698000 A
1.4944 2 737000 T
1.4952 2 699000 A
1.4952 2 738000 T
1.496 2 700000 A
1.496 2 739000 T
1.4968 2 701000 A
1.4968 2 740000 T
1.4976 2 702000 A
1.4976 2 741000 T
1.4984 2 703000 A
1.4984 2 742000 T
1.4992 2 704000 A
1.4992 2 743000 T
1.5 2 705000 A
1.5 2 744000 T
1.5008 2 706000 A
1.5008 2 745000 T
1.5016 2 707000 A
1.5016 2 746000 T
1.5024 2 708000 A
1.5024 2 747000 T
1.5032 2 709000 A
1.5032 2 748000 T
1.504 2 710000 A
1.504 2 749000 T
1.5048 2 711000 A
1.5048 2 750000 T
1.5056 2 712000 A
1.5056 2 751000 T
1.5064 2 713000 A
1.5064 2 752000 T
1.5072 2 714000 A
1.5072 2 753000 T
1.508 2 715000 A
1.508 2 754000 T
1.5088 2 716000 A
1.5088 2 755000 T
1.5096 2 717000 A
1.5096 2 756000 T
1.5104 2 718000 A
1.5104 2 757000 T
1.5112 2 719000 A
1.5112 2 758000 T
1.512 2 720000 A
1.512 2 759000 T
1.5128 2 721000 A
1.5128 2 760000 T
1.5136 2 722000 A
1.5136 2 761000 T
1.5144 2 723000 A
1.5144 2 762000 T
1.5152 2 724000 A
1.5152 2 763000 T
1.516 2 725000 A
1.516 2 764000 T
1.5168 2 726000 A
1.5168 2 765000 T
1.5168 2 766000 T
1.5176 2 727000 A
1.5176 2 767000 T
1.5184 2 728000 A
1.5184 2 768000 T
1.5192 2 729000 A
1.5192 2 769000 T
1.52 2 730000 A
1.52 2 770000 T
1.5208 2 731000 A
1.5208 2 771000 T
1.5216 2 732000 A
1.5216 2 772000 T
1.5224 2 733000 A
1.5224 2 773000 T
1.5232 2 734000 A
1.5232 2 774000 T
1.524 2 735000 A
1.524 2 775000 T
1.5248 2 736000 A
1.5248 2 776000 T
1.5256 2 737000 A
1.5256 2 777000 T
1.5264 1 776000 A
1.5264 1 817000 T
1.5272 1 777000 A
1.5272 1 818000 T
1.528 1 778000 A
1.528 1 819000 T
1.5288 1 779000 A
1.5288 1 820000 T
1.5296 1 780000 A
1.5296 1 821000 T
1.5304 1 781000 A
1.5304 1 822000 T
1.5312 1 782000 A
1.5312 1 823000 T
1.532 1 783000 A
1.532 1 824000 T
1.5328 1 784000 A
1.5328 1 825000 T
1.5336 1 785000 A
1.5336 1 826000 T
1.5344 1 786000 A
1.5344 1 827000 T
1.5352 1 787000 A
1.5352 1 828000 T
1.536 1 788000 A
1.536 1 829000 T
1.5368 1 789000 A
1.5368 1 830000 T
1.5376 1 790000 A
1.5376 1 831000 T
1.5384 1 791000 A
1.5384 1 832000 T
1.5392 1 792000 A
1.5392 1 833000 T
1.54 1 793000 A
1.54 1 834000 T
1.54 1 835000 T
1.5408 1 794000 A
1.5408 1 836000 T
1.5416 1 795000 A
1.5416 1 837000 T
1.5424 1 796000 A
1.5424 1 838000 T
1.5432 1 797000 A
1.5432 1 839000 T
1.544 1 798000 A
1.544 1 840000 T
1.5448 1 799000 A
1.5448 1 841000 T
1.5456 1 800000 A
1.5456 1 842000 T
1.5464 1 801000 A
1.5464 1 843000 T
1.5472 1 802000 A
1.5472 1 844000 T
1.548 1 803000 A
1.548 1 845000 T
1.5488 1 804000 A
1.5488 1 846000 T
1.5496 1 805000 A
1.5496 1 847000 T
1.5504 1 806000 A
1.5504 1 848000 T
1.5512 1 807000 A
1.5512 1 849000 T
1.552 1 808000 A
1.552 1 850000 T
1.5528 1 809000 A
1.5528 1 851000 T
1.5536 1 810000 A
1.5536 1 852000 T
1.5544 1 811000 A
1.5544 1 853000 T
1.5552 1 812000 A
1.5552 1 854000 T
1.556 1 813000 A
1.556 1 855000 T
1.5568 1 814000 A
1.5568 1 856000 T
1.5576 1 815000 A
1.5576 1 857000 T
1.5584 1 816000 A
1.5584 1 858000 T
1.5592 1 817000 A
1.5592 1 859000 T
1.56 2 738000 A
1.56 2 778000 T
1.5608 2 739000 A
1.5608 2 779000 T
1.5616 2 740000 A
1.5616 2 780000 T
1.5624 2 741000 A
1.5624 2 781000 T
1.5632 2 742000 A
1.5632 2 782000 T
1.564 2 743000 A
1.564 2 783000 T
1.5648 2 744000 A
1.5648 2 784000 T
1.5656 2 745000 A
1.5656 2 785000 T
1.5664 2 746000 A
1.5664 2 786000 T
1.5672 2 747000 A
1.5672 2 787000 T
1.568 2 748000 A
1.568 2 788000 T
1.5688 2 749000 A
1.5688 2 789000 T
1.5696 2 750000 A
1.5696 2 790000 T
1.5704 2 751000 A
1.5704 2 791000 T
1.5712 2 752000 A
1.5712 2 792000 T
1.572 2 753000 A
1.572 2 793000 T
1.5728 2 754000 A
1.5728 2 794000 T
1.5736 2 755000 A
1.5736 2 795000 T
1.5744 2 756000 A
1.5744 2 796000 T
1.5752 2 757000 A
1.5752 2 797000 T
1.576 2 758000 A
1.576 2 798000 T
1.5768 2 759000 A
1.5768 2 799000 T
1.5776 2 760000 A
1.5776 2 800000 T
1.5784 2 761000 A
1.5784 2 801000 T
1.5792 2 762000 A
1.5792 2 802000 T
1.58 2 763000 A
1.58 2 803000 T
1.5808 2 764000 A
1.5808 2 804000 T
1.5816 2 765000 A
1.5816 2 805000 T
1.5824 2 766000 A
1.5824 2 806000 T
1.5832 2 767000 A
1.5832 2 807000 T
1.5832 2 808000 T
1.584 2 768000 A
1.584 2 809000 T
1.5848 2 769000 A
1.5848 2 810000 T
1.5856 2 770000 A
1.5856 2 811000 T
1.5864 2 771000 A
1.5864 2 812000 T
1.5872 2 772000 A
1.5872 2 813000 T
1.588 2 773000 A
1.588 2 814000 T
1.5888 2 774000 A
1.5888 2 815000 T
1.5896 2 775000 A
1.5896 2 816000 T
1.5904 2 776000 A
1.5904 2 817000 T
1.5912 2 777000 A
1.5912 2 818000 T
1.592 2 778000 A
1.592 2 819000 T
1.5928 1 818000 A
1.5928 1 860000 T
1.5936 1 819000 A
1.5936 1 861000 T
1.5944 1 820000 A
1.5944 1 862000 T
1.5952 1 821000 A
1.5952 1 863000 T
1.596 1 822000 A
1.596 1 864000 T
1.5968 1 823000 A
1.5968 1 865000 T
1.5976 1 824000 A
1.5976 1 866000 T
1.5984 1 825000 A
1.5984 1 867000 T
1.5992 1 826000 A
1.5992 1 868000 T
1.6 1 827000 A
1.6 1 869000 T
1.6008 1 828000 A
1.6008 1 870000 T
1.6016 1 829000 A
1.6016 1 871000 T
1.6024 1 830000 A
1.6024 1 872000 T
1.6032 1 831000 A
1.6032 1 873000 T
1.604 1 832000 A
1.604 1 874000 T
1.6048 1 833000 A
1.6048 1 875000 T
1.6056 1 834000 A
1.6056 1 876000 T
1.6064 1 835000 A
1.6064 1 877000 T
1.6072 1 836000 A
1.6072 1 878000 T
1.6072 1 879000 T
1.608 1 837000 A
1.608 1 880000 T
1.6088 1 838000 A
1.6088 1 881000 T
1.6096 1 839000 A
1.6096 1 882000 T
1.6104 1 840000 A
1.6104 1 883000 T
1.6112 1 841000 A
1.6112 1 884000 T
1.612 1 842000 A
1.612 1 885000 T
1.6128 1 843000 A
1.6128 1 886000 T
1.6136 1 844000 A
1.6136 1 887000 T
1.6144 1 845000 A
1.6144 1 888000 T
1.6152 1 846000 A
1.6152 1 889000 T
1.616 1 847000 A
1.616 1 890000 T
1.6168 1 848000 A
1.6168 1 891000 T
1.6176 1 849000 A
1.6176 1 892000 T
1.6184 1 850000 A
1.6184 1 893000 T
1.6192 1 851000 A
1.6192 1 894000 T
1.62 1 852000 A
1.62 1 895000 T
1.6208 1 853000 A
1.6208 1 896000 T
1.6216 1 854000 A
1.6216 1 897000 T
1.6224 1 855000 A
1.6224 1 898000 T
1.6232 1 856000 A
1.6232 1 899000 T
1.624 1 857000 A
1.624 1 900000 T
1.6248 1 858000 A
1.6248 1 901000 T
1.6256 1 859000 A
1.6256 1 902000 T
1.6264 1 860000 A
1.6264 1 903000 T
1.6272 2 779000 A
1.6272 2 820000 T
1.628 2 780000 A
1.628 2 821000 T
1.6288 2 781000 A
1.6288 2 822000 T
1.6296 2 782000 A
1.6296 2 823000 T
1.6304 2 783000 A
1.6304 2 824000 T
1.6312 2 784000 A
1.6312 2 825000 T
1.632 2 785000 A
1.632 2 826000 T
1.6328 2 786000 A
1.6328 2 827000 T
1.6336 2 787000 A
1.6336 2 828000 T
1.6344 2 788000 A
1.6344 2 829000 T
1.6352 2 789000 A
1.6352 2 830000 T
1.636 2 790000 A
1.636 2 831000 T
1.6368 2 791000 A
1.6368 2 832000 T
1.6376 2 792000 A
1.6376 2 833000 T
1.6384 2 793000 A
1.6384 2 834000 T
1.6392 2 794000 A
1.6392 2 835000 T
1.64 2 795000 A
1.64 2 836000 T
1.6408 2 796000 A
1.6408 2 837000 T
1.6416 2 797000 A
1.6416 2 838000 T
1.6424 2 798000 A
1.6424 2 839000 T
1.6432 2 799000 A
1.6432 2 840000 T
1.644 2 800000 A
1.644 2 841000 T
1.6448 2 801000 A
1.6448 2 842000 T
1.6456 2 802000 A
1.6456 2 843000 T
1.6464 2 803000 A
1.6464 2 844000 T
1.6472 2 804000 A
1.6472 2 845000 T
1.648 2 805000 A
1.648 2 846000 T
1.6488 2 806000 A
1.6488 2 847000 T
1.6496 2 807000 A
1.6496 2 848000 T
1.6504 2 808000 A
1.6504 2 849000 T
1.6512 2 809000 A
1.6512 2 850000 T
1.652 2 810000 A
1.652 2 851000 T
1.6528 2 811000 A
1.6528 2 852000 T
1.6528 2 853000 T
1.6536 2 812000 A
1.6536 2 854000 T
1.6544 2 813000 A
1.6544 2 855000 T
1.6552 2 814000 A
1.6552 2 856000 T
1.656 2 815000 A
1.656 2 857000 T
1.6568 2 816000 A
1.6568 2 858000 T
1.6576 2 817000 A
1.6576 2 859000 T
1.6584 2 818000 A
1.6584 2 860000 T
1.6592 2 819000 A
1.6592 2 861000 T
1.66 2 820000 A
1.66 2 862000 T
1.6608 1 861000 A
1.6608 1 904000 T
1.6616 1 862000 A
1.6616 1 905000 T
1.6624 1 863000 A
1.6624 1 906000 T
1.6632 1 864000 A
1.6632 1 907000 T
1.664 1 865000 A
1.664 1 908000 T
1.6648 1 866000 A
1.6648 1 909000 T
1.6656 1 867000 A
1.6656 1 910000 T
1.6664 1 868000 A
1.6664 1 911000 T
1.6672 1 869000 A
1.6672 1 912000 T
1.668 1 870000 A
1.668 1 913000 T
1.6688 1 871000 A
1.6688 1 914000 T
1.6696 1 872000 A
1.6696 1 915000 T
1.6704 1 873000 A
1.6704 1 916000 T
1.6712 1 874000 A
1.6712 1 917000 T
1.672 1 875000 A
1.672 1 918000 T
1.6728 1 876000 A
1.6728 1 919000 T
1.6736 1 877000 A
1.6736 1 920000 T
1.6744 1 878000 A
1.6744 1 921000 T
1.6752 1 879000 A
1.6752 1 922000 T
1.676 1 880000 A
1.676 1 923000 T
1.6768 1 881000 A
1.6768 1 924000 T
1.6776 1 882000 A
1.6776 1 925000 T
1.6776 1 926000 T
1.6784 1 883000 A
1.6784 1 927000 T
1.6792 1 884000 A
1.6792 1 928000 T
1.68 1 885000 A
1.68 1 929000 T
1.6808 1 886000 A
1.6808 1 930000 T
1.6816 1 887000 A
1.6816 1 931000 T
1.6824 1 888000 A
1.6824 1 932000 T
1.6832 1 889000 A
1.6832 1 933000 T
1.684 1 890000 A
1.684 1 934000 T
1.6848 1 891000 A
1.6848 1 935000 T
1.6856 1 892000 A
1.6856 1 936000 T
1.6864 1 893000 A
1.6864 1 937000 T
1.6872 1 894000 A
1.6872 1 938000 T
1.688 1 895000 A
1.688 1 939000 T
1.6888 1 896000 A
1.6888 1 940000 T
1.6896 1 897000 A
1.6896 1 941000 T
1.6904 1 898000 A
1.6904 1 942000 T
1.6912 1 899000 A
1.6912 1 943000 T
1.692 1 900000 A
1.692 1 944000 T
1.6928 1 901000 A
1.6928 1 945000 T
1.6936 1 902000 A
1.6936 1 946000 T
1.6944 1 903000 A
1.6944 1 947000 T
1.6952 1 904000 A
1.6952 1 948000 T
1.696 2 821000 A
1.696 2 863000 T
1.6968 2 822000 A
1.6968 2 864000 T
1.6976 2 823000 A
1.6976 2 865000 T
1.6984 2 824000 A
1.6984 2 866000 T
1.6992 2 825000 A
1.6992 2 867000 T
1.7 2 826000 A
1.7 2 868000 T
1.7008 2 827000 A
1.7008 2 869000 T
1.7016 2 828000 A
1.7016 2 870000 T
1.7024 2 829000 A
1.7024 2 871000 T
1.7032 2 830000 A
1.7032 2 872000 T
1.704 2 831000 A
1.704 2 873000 T
1.7048 2 832000 A
1.7048 2 874000 T
1.7056 2 833000 A
1.7056 2 875000 T
1.7064 2 834000 A
1.7064 2 876000 T
1.7072 2 835000 A
1.7072 2 877000 T
1.708 2 836000 A
1.708 2 878000 T
1.7088 2 837000 A
1.7088 2 879000 T
1.7096 2 838000 A
1.7096 2 880000 T
1.7104 2 839000 A
1.7104 2 881000 T
1.7112 2 840000 A
1.7112 2 882000 T
1.712 2 841000 A
1.712 2 883000 T
1.7128 2 842000 A
1.7128 2 884000 T
1.7136 2 843000 A
1.7136 2 885000 T
1.7144 2 844000 A
1.7144 2 886000 T
1.7152 2 845000 A
1.7152 2 887000 T
1.716 2 846000 A
1.716 2 888000 T
1.7168 2 847000 A
1.7168 2 889000 T
1.7176 2 848000 A
1.7176 2 890000 T
1.7184 2 849000 A
1.7184 2 891000 T
1.7192 2 850000 A
1.7192 2 892000 T
1.72 2 851000 A
1.72 2 893000 T
1.7208 2 852000 A
1.7208 2 894000 T
1.7216 2 853000 A
1.7216 2 895000 T
1.7224 2 854000 A
1.7224 2 896000 T
1.7224 2 897000 T
1.7232 2 855000 A
1.7232 2 898000 T
1.724 2 856000 A
1.724 2 899000 T
1.7248 2 857000 A
1.7248 2 900000 T
1.7256 2 858000 A
1.7256 2 901000 T
1.7264 2 859000 A
1.7264 2 902000 T
1.7272 2 860000 A
1.7272 2 903000 T
1.728 2 861000 A
1.728 2 904000 T
1.7288 2 862000 A
1.7288 2 905000 T
1.7296 2 863000 A
1.7296 2 906000 T
1.7304 1 905000 A
1.7304 1 949000 T
1.7312 1 906000 A
1.7312 1 950000 T
1.732 1 907000 A
1.732 1 951000 T
1.7328 1 908000 A
1.7328 1 952000 T
1.7336 1 909000 A
1.7336 1 953000 T
1.7344 1 910000 A
1.7344 1 954000 T
1.7352 1 911000 A
1.7352 1 955000 T
1.736 1 912000 A
1.736 1 956000 T
1.7368 1 913000 A
1.7368 1 957000 T
1.7376 1 914000 A
1.7376 1 958000 T
1.7384 1 915000 A
1.7384 1 959000 T
1.7392 1 916000 A
1.7392 1 960000 T
1.74 1 917000 A
1.74 1 961000 T
1.7408 1 918000 A
1.7408 1 962000 T
1.7416 1 919000 A
1.7416 1 963000 T
1.7424 1 920000 A
1.7424 1 964000 T
1.7432 1 921000 A
1.7432 1 965000 T
1.744 1 922000 A
1.744 1 966000 T
1.7448 1 923000 A
1.7448 1 967000 T
1.7456 1 924000 A
1.7456 1 968000 T
1.7464 1 925000 A
1.7464 1 969000 T
1.7472 1 926000 A
1.7472 1 970000 T
1.748 1 927000 A
1.748 1 971000 T
1.748 1 972000 T
1.7488 1 928000 A
1.7488 1 973000 T
1.7496 1 929000 A
1.7496 1 974000 T
1.7504 1 930000 A
1.7504 1 975000 T
1.7512 1 931000 A
1.7512 1 976000 T
1.752 1 932000 A
1.752 1 977000 T
1.7528 1 933000 A
1.7528 1 978000 T
1.7536 1 934000 A
1.7536 1 979000 T
1.7544 1 935000 A
1.7544 1 980000 T
1.7552 1 936000 A
1.7552 1 981000 T
1.756 1 937000 A
1.756 1 982000 T
1.7568 1 938000 A
1.7568 1 983000 T
1.7576 1 939000 A
1.7576 1 984000 T
1.7584 1 940000 A
1.7584 1 985000 T
1.7592 1 941000 A
1.7592 1 986000 T
1.76 1 942000 A
1.76 1 987000 T
1.7608 1 943000 A
1.7608 1 988000 T
1.7616 1 944000 A
1.7616 1 989000 T
1.7624 1 945000 A
1.7624 1 990000 T
1.7632 1 946000 A
1.7632 1 991000 T
1.764 1 947000 A
1.764 1 992000 T
1.7648 1 948000 A
1.7648 1 993000 T
1.7656 1 949000 A
1.7656 1 994000 T
1.7664 2 864000 A
1.7664 2 907000 T
1.7672 2 865000 A
1.7672 2 908000 T
1.768 2 866000 A
1.768 2 909000 T
1.7688 2 867000 A
1.7688 2 910000 T
1.7696 2 868000 A
1.7696 2 911000 T
1.7704 2 869000 A
1.7704 2 912000 T
1.7712 2 870000 A
1.7712 2 913000 T
1.772 2 871000 A
1.772 2 914000 T
1.7728 2 872000 A
1.7728 2 915000 T
1.7736 2 873000 A
1.7736 2 916000 T
1.7744 2 874000 A
1.7744 2 917000 T
1.7752 2 875000 A
1.7752 2 918000 T
1.776 2 876000 A
1.776 2 919000 T
1.7768 2 877000 A
1.7768 2 920000 T
1.7776 2 878000 A
1.7776 2 921000 T
1.7784 2 879000 A
1.7784 2 922000 T
1.7792 2 880000 A
1.7792 2 923000 T
1.78 2 881000 A
1.78 2 924000 T
1.7808 2 882000 A
1.7808 2 925000 T
1.7816 2 883000 A
1.7816 2 926000 T
1.7824 2 884000 A
1.7824 2 927000 T
1.7832 2 885000 A
1.7832 2 928000 T
1.784 2 886000 A
1.784 2 929000 T
1.7848 2 887000 A
1.7848 2 930000 T
1.7856 2 888000 A
1.7856 2 931000 T
1.7864 2 889000 A
1.7864 2 932000 T
1.7872 2 890000 A
1.7872 2 933000 T
1.788 2 891000 A
1.788 2 934000 T
1.7888 2 892000 A
1.7888 2 935000 T
1.7896 2 893000 A
1.7896 2 936000 T
1.7904 2 894000 A
1.7904 2 937000 T
1.7912 2 895000 A
1.7912 2 938000 T
1.792 2 896000 A
1.792 2 939000 T
1.7928 2 897000 A
1.7928 2 940000 T
1.7936 2 898000 A
1.7936 2 941000 T
1.7944 2 899000 A
1.7944 2 942000 T
1.7952 2 900000 A
1.7952 2 943000 T
1.7952 2 944000 T
1.796 2 901000 A
1.796 2 945000 T
1.7968 2 902000 A
1.7968 2 946000 T
1.7976 2 903000 A
1.7976 2 947000 T
1.7984 2 904000 A
1.7984 2 948000 T
1.7992 2 905000 A
1.7992 2 949000 T
1.8 2 906000 A
1.8 2 950000 T
1.8008 2 907000 A
1.8008 2 951000 T
1.8016 1 950000 A
1.8016 1 995000 T
1.8024 1 951000 A
1.8024 1 996000 T
1.8032 1 952000 A
1.8032 1 997000 T
1.804 1 953000 A
1.804 1 998000 T
1.8048 1 954000 A
1.8048 1 999000 T
1.8056 1 955000 A
1.8056 1 1000000 T
1.8064 1 956000 A
1.8072 1 957000 A
1.808 1 958000 A
1.8088 1 959000 A
1.8096 1 960000 A
1.8104 1 961000 A
1.8112 1 962000 A
1.812 1 963000 A
1.8128 1 964000 A
1.8136 1 965000 A
1.8144 1 966000 A
1.8152 1 967000 A
1.816 1 968000 A
1.8168 1 969000 A
1.8176 1 970000 A
1.8184 1 971000 A
1.8192 1 972000 A
1.82 1 973000 A
1.8208 1 974000 A
1.8216 1 975000 A
1.8224 1 976000 A
1.8232 1 977000 A
1.824 1 978000 A
1.8248 1 979000 A
1.8256 1 980000 A
1.8264 1 981000 A
1.8272 1 982000 A
1.828 1 983000 A
1.8288 1 984000 A
1.8296 1 985000 A
1.8304 1 986000 A
1.8312 1 987000 A
1.832 1 988000 A
1.8328 1 989000 A
1.8336 1 990000 A
1.8344 1 991000 A
1.8352 1 992000 A
1.836 1 993000 A
1.8368 1 994000 A
1.8376 1 995000 A
1.8384 2 908000 A
1.8384 2 952000 T
1.8392 2 909000 A
1.8392 2 953000 T
1.84 2 910000 A
1.84 2 954000 T
1.8408 2 911000 A
1.8408 2 955000 T
1.8416 2 912000 A
1.8416 2 956000 T
1.8424 2 913000 A
1.8424 2 957000 T
1.8432 2 914000 A
1.8432 2 958000 T
1.844 2 915000 A
1.844 2 959000 T
1.8448 2 916000 A
1.8448 2 960000 T
1.8456 2 917000 A
1.8456 2 961000 T
1.8464 2 918000 A
1.8464 2 962000 T
1.8472 2 919000 A
1.8472 2 963000 T
1.848 2 920000 A
1.848 2 964000 T
1.8488 2 921000 A
1.8488 2 965000 T
1.8496 2 922000 A
1.8496 2 966000 T
1.8504 2 923000 A
1.8504 2 967000 T
1.8512 2 924000 A
1.8512 2 968000 T
1.852 2 925000 A
1.852 2 969000 T
1.8528 2 926000 A
1.8528 2 970000 T
1.8536 2 927000 A
1.8536 2 971000 T
1.8544 2 928000 A
1.8544 2 972000 T
1.8552 2 929000 A
1.8552 2 973000 T
1.856 2 930000 A
1.856 2 974000 T
1.8568 2 931000 A
1.8568 2 975000 T
1.8576 2 932000 A
1.8576 2 976000 T
1.8584 2 933000 A
1.8584 2 977000 T
1.8592 2 934000 A
1.8592 2 978000 T
1.86 2 935000 A
1.86 2 979000 T
1.8608 2 936000 A
1.8608 2 980000 T
1.8616 2 937000 A
1.8616 2 981000 T
1.8624 2 938000 A
1.8624 2 982000 T
1.8632 2 939000 A
1.8632 2 983000 T
1.864 2 940000 A
1.864 2 984000 T
1.8648 2 941000 A
1.8648 2 985000 T
1.8656 2 942000 A
1.8656 2 986000 T
1.8664 2 943000 A
1.8664 2 987000 T
1.8672 2 944000 A
1.8672 2 988000 T
1.868 2 945000 A
1.868 2 989000 T
1.868 2 990000 T
1.8688 2 946000 A
1.8688 2 991000 T
1.8696 2 947000 A
1.8696 2 992000 T
1.8704 2 948000 A
1.8704 2 993000 T
1.8712 2 949000 A
1.8712 2 994000 T
1.872 2 950000 A
1.872 2 995000 T
1.8728 2 951000 A
1.8728 2 996000 T
1.8736 2 952000 A
1.8736 2 997000 T
1.8744 1 996000 A
1.8752 1 997000 A
1.876 1 998000 A
1.8768 1 999000 A
1.8776 1 1000000 A
1.8776008 1 1000001 A
1.8784008 2 953000 A
1.8784008 2 998000 T
1.8792008 2 954000 A
1.8792008 2 999000 T
1.8800008 2 955000 A
1.8800008 2 1000000 T
1.8808008 2 956000 A
1.8816008 2 957000 A
1.8824008 2 958000 A
1.8832008 2 959000 A
1.8840008 2 960000 A
1.8848008 2 961000 A
1.8856008 2 962000 A
1.8864008 2 963000 A
1.8872008 2 964000 A
1.8880008 2 965000 A
1.8888008 2 966000 A
1.8896008 2 967000 A
1.8904008 2 968000 A
1.8912008 2 969000 A
1.8920008 2 970000 A
1.8928008 2 971000 A
1.8936008 2 972000 A
1.8944008 2 973000 A
1.8952008 2 974000 A
1.8960008 2 975000 A
1.8968008 2 976000 A
1.8976008 2 977000 A
1.8984008 2 978000 A
1.8992008 2 979000 A
1.9000008 2 980000 A
1.9008008 2 981000 A
1.9016008 2 982000 A
1.9024008 2 983000 A
1.9032008 2 984000 A
1.9040008 2 985000 A
1.9048008 2 986000 A
1.9056008 2 987000 A
1.9064008 2 988000 A
1.9072008 2 989000 A
1.9080008 2 990000 A
1.9088008 2 991000 A
1.9096008 2 992000 A
1.9104008 2 993000 A
1.9112008 2 994000 A
1.9120008 2 995000 A
1.9128008 2 996000 A
1.9136008 2 997000 A
1.9144008 2 998000 A
1.9152008 2 999000 A
1.9160008 2 1000000 A
1.9160016 2 1000001 A
