0.0208 1 2000
0.0216 2 2000
0.0416 1 3000
0.0424 1 4000
0.0432 2 3000
0.044 2 4000
0.0624 1 5000
0.0632 1 6000
0.064 1 7000
0.0648 1 8000
0.0656 2 5000
0.0664 2 6000
0.0672 2 7000
0.068 2 8000
0.0832 1 9000
0.084 1 10000
0.0848 1 11000
0.0856 1 12000
0.0864 1 13000
0.0872 1 14000
0.088 1 15000
0.0888 1 16000
0.0896 2 9000
0.0904 2 10000
0.0912 2 11000
0.092 2 12000
0.0928 2 13000
0.0936 2 14000
0.0944 2 15000
0.0952 2 16000
0.104 1 17000
0.1048 1 18000
0.1056 1 19000
0.1064 1 20000
0.1072 1 21000
0.108 1 22000
0.1088 1 23000
0.1096 1 24000
0.1104 1 25000
0.1112 1 26000
0.112 1 27000
0.1128 1 28000
0.1136 1 29000
0.1144 1 30000
0.1152 1 31000
0.116 1 32000
0.1168 2 17000
0.1176 2 18000
0.1184 2 19000
0.1192 2 20000
0.12 2 21000
0.1208 2 22000
0.1216 2 23000
0.1224 2 24000
0.1232 2 25000
0.124 2 26000
0.1248 2 27000
0.1256 2 28000
0.1264 2 29000
0.1272 2 30000
0.128 2 31000
0.1288 2 32000
0.1296 1 33000
0.1304 1 34000
0.1312 1 35000
0.132 1 36000
0.1328 1 37000
0.1336 1 38000
0.1344 1 39000
0.1352 1 40000
0.136 1 41000
0.1368 1 42000
0.1376 1 43000
0.1384 1 44000
0.1392 1 45000
0.14 1 46000
0.1408 1 47000
0.1416 1 48000
0.1424 1 49000
0.1432 1 50000
0.144 1 51000
0.1448 1 52000
0.1456 1 53000
0.1464 1 54000
0.1472 1 55000
0.148 1 56000
0.1488 1 57000
0.1496 1 58000
0.1504 1 59000
0.1512 1 60000
0.152 1 61000
0.1528 1 62000
0.1536 1 63000
0.1544 1 64000
0.1552 2 33000
0.156 2 34000
0.1568 2 35000
0.1576 2 36000
0.1584 2 37000
0.1592 2 38000
0.16 2 39000
0.1608 2 40000
0.1616 2 41000
0.1624 2 42000
0.1632 2 43000
0.164 2 44000
0.1648 2 45000
0.1656 2 46000
0.1664 2 47000
0.1672 2 48000
0.168 2 49000
0.1688 2 50000
0.1696 2 51000
0.1704 2 52000
0.1712 2 53000
0.172 2 54000
0.1728 2 55000
0.1736 2 56000
0.1744 2 57000
0.1752 2 58000
0.176 2 59000
0.1768 2 60000
0.1776 2 61000
0.1784 2 62000
0.1792 2 63000
0.18 2 64000
0.1808 1 65000
0.1816 1 66000
0.1824 1 67000
0.1832 1 68000
0.184 1 69000
0.1848 1 70000
0.1856 1 71000
0.1864 1 72000
0.1872 1 73000
0.188 1 74000
0.1888 1 75000
0.1896 1 76000
0.1904 1 77000
0.1912 1 78000
0.192 1 79000
0.1928 1 80000
0.1936 1 81000
0.1944 1 82000
0.1952 1 83000
0.196 1 84000
0.1968 1 85000
0.1976 1 86000
0.1984 1 87000
0.1992 1 88000
0.2 1 89000
0.2008 1 90000
0.2016 1 91000
0.2024 1 92000
0.2032 1 93000
0.204 1 94000
0.2048 1 95000
0.2056 1 96000
0.2064 1 97000
0.2072 1 98000
0.208 1 99000
0.2088 1 100000
0.2096 1 101000
0.2104 1 102000
0.2112 1 103000
0.212 1 104000
0.2128 1 105000
0.2136 1 106000
0.2144 1 107000
0.2152 1 108000
0.216 1 109000
0.2168 1 110000
0.2176 1 111000
0.2184 1 112000
0.2192 1 113000
0.22 1 114000
0.2208 1 115000
0.2216 1 116000
0.2224 1 117000
0.2232 1 118000
0.224 1 119000
0.2248 1 120000
0.2256 1 121000
0.2264 1 122000
0.2272 1 123000
0.228 1 124000
0.2288 1 125000
0.2296 1 126000
0.2304 1 127000
0.2312 1 128000
0.232 2 65000
0.2328 2 66000
0.2336 2 67000
0.2344 2 68000
0.2352 2 69000
0.236 2 70000
0.2368 2 71000
0.2376 2 72000
0.2384 2 73000
0.2392 2 74000
0.24 2 75000
0.2408 2 76000
0.2416 2 77000
0.2424 2 78000
0.2432 2 79000
0.244 2 80000
0.2448 2 81000
0.2456 2 82000
0.2464 2 83000
0.2472 2 84000
0.248 2 85000
0.2488 2 86000
0.2496 2 87000
0.2504 2 88000
0.2512 2 89000
0.252 2 90000
0.2528 2 91000
0.2536 2 92000
0.2544 2 93000
0.2552 2 94000
0.256 2 95000
0.2568 2 96000
0.2576 2 97000
0.2584 2 98000
0.2592 2 99000
0.26 2 100000
0.2608 2 101000
0.2616 2 102000
0.2624 2 103000
0.2632 2 104000
0.264 2 105000
0.2648 2 106000
0.2656 2 107000
0.2664 2 108000
0.2672 2 109000
0.268 2 110000
0.2688 2 111000
0.2696 2 112000
0.2704 2 113000
0.2712 2 114000
0.272 2 115000
0.2728 2 116000
0.2736 2 117000
0.2744 2 118000
0.2752 2 119000
0.276 2 120000
0.2768 2 121000
0.2776 2 122000
0.2784 2 123000
0.2792 2 124000
0.28 2 125000
0.2816 1 129000
0.284 1 1000
0.3336 2 1000
0.3824 1 2000
0.3832 2 2000
0.4032 1 3000
0.4048 2 3000
0.424 1 4000
0.4256 1 5000
0.4264 2 4000
0.428 2 5000
0.4456 1 6000
0.4472 1 7000
0.4488 1 8000
0.4504 2 6000
0.452 2 7000
0.4536 2 8000
0.4672 1 9000
0.4688 1 10000
0.4704 1 11000
0.472 1 12000
0.4744 2 9000
0.476 2 10000
0.4776 2 11000
0.4792 2 12000
0.488 1 13000
0.4896 1 14000
0.4912 1 15000
0.4928 1 16000
0.4944 1 17000
0.496 1 18000
0.4976 2 13000
0.4992 2 14000
0.5008 2 15000
0.5024 2 16000
0.504 2 17000
0.5056 2 18000
0.5088 1 19000
0.5104 1 20000
0.512 1 21000
0.5136 1 22000
0.5152 1 23000
0.5168 1 24000
0.5184 1 25000
0.52 1 26000
0.5216 1 27000
0.5232 2 19000
0.5248 2 20000
0.5264 2 21000
0.528 2 22000
0.5296 2 23000
0.5312 2 24000
0.5328 2 25000
0.5344 2 26000
0.536 2 27000
0.5376 1 28000
0.5392 1 29000
0.5408 1 30000
0.5424 1 31000
0.544 1 32000
0.5456 1 33000
0.5472 1 34000
0.5488 1 35000
0.5504 1 36000
0.552 1 37000
0.5536 1 38000
0.5552 1 39000
0.5568 1 40000
0.5584 1 41000
0.5592 2 28000
0.5608 2 29000
0.5624 2 30000
0.564 2 31000
0.5648 2 32000
0.5656 2 33000
0.5672 2 34000
0.5688 2 35000
0.5704 2 36000
0.572 2 37000
0.5736 2 38000
0.5752 2 39000
0.5768 2 40000
0.5784 2 41000
0.58 2 42000
0.5816 1 42000
0.5832 1 43000
0.5848 1 44000
0.5864 1 45000
0.588 1 46000
0.5896 1 47000
0.5912 1 48000
0.5928 1 49000
0.5944 1 50000
0.596 1 51000
0.5976 1 52000
0.5992 1 53000
0.6008 1 54000
0.6024 1 55000
0.604 1 56000
0.6056 1 57000
0.6072 1 58000
0.6088 1 59000
0.6104 1 60000
0.612 1 61000
0.6136 1 62000
0.6152 2 43000
0.6168 2 44000
0.6184 2 45000
0.62 2 46000
0.6216 2 47000
0.6232 2 48000
0.6248 2 49000
0.6264 2 50000
0.628 2 51000
0.6296 2 52000
0.6312 2 53000
0.6328 2 54000
0.6344 2 55000
0.636 2 56000
0.6376 2 57000
0.6392 2 58000
0.6408 2 59000
0.6424 2 60000
0.644 2 61000
0.6456 2 62000
0.6472 2 63000
0.6496 1 63000
0.6512 1 64000
0.6528 1 65000
0.6552 1 65000
0.656 1 65000
0.6568 1 65000
0.6576 1 65000
0.6584 1 65000
0.6592 1 65000
0.66 1 65000
0.6608 1 65000
0.6616 1 65000
0.6624 1 65000
0.6632 1 65000
0.664 1 65000
0.6648 1 65000
0.6656 1 65000
0.6664 1 65000
0.6672 1 65000
0.668 1 65000
0.6688 1 65000
0.6696 1 65000
0.6704 1 65000
0.6712 1 65000
0.672 1 65000
0.6728 1 65000
0.6736 1 65000
0.6744 1 65000
0.6752 1 65000
0.676 1 65000
0.6768 1 65000
0.6776 1 65000
0.6784 1 65000
0.6792 1 65000
0.68 1 65000
0.6808 1 65000
0.6816 1 65000
0.6824 1 65000
0.6832 1 65000
0.684 1 65000
0.6848 1 65000
0.6856 1 65000
0.6864 1 65000
0.6872 1 65000
0.688 1 65000
0.6888 1 65000
0.6896 1 65000
0.6904 1 65000
0.6912 1 65000
0.692 1 65000
0.6928 1 65000
0.6936 1 65000
0.6944 1 65000
0.6952 1 65000
0.696 1 65000
0.6968 1 65000
0.6976 1 65000
0.6984 1 65000
0.6992 2 63000
0.7008 2 63000
0.7016 2 63000
0.7024 2 63000
0.7032 2 63000
0.704 2 63000
0.7048 2 63000
0.7056 2 63000
0.7064 2 63000
0.7072 2 63000
0.708 2 63000
0.7088 2 63000
0.7096 2 63000
0.7104 2 63000
0.7112 2 63000
0.712 2 63000
0.7128 2 63000
0.7136 2 63000
0.7144 2 63000
0.7152 2 63000
0.716 2 63000
0.7168 2 63000
0.7176 2 63000
0.7184 2 63000
0.7192 2 63000
0.72 2 63000
0.7208 2 63000
0.7216 2 63000
0.7224 2 63000
0.7232 2 63000
0.724 2 63000
0.7248 2 63000
0.7256 2 63000
0.7264 2 63000
0.7272 2 63000
0.728 2 63000
0.7288 2 63000
0.7296 2 63000
0.7304 2 63000
0.7312 2 63000
0.732 2 63000
0.7328 2 63000
0.7336 2 63000
0.7344 2 63000
0.7352 2 63000
0.736 2 63000
0.7368 2 63000
0.7376 2 63000
0.7384 2 63000
0.7392 2 63000
0.74 2 63000
0.7408 2 63000
0.7416 2 63000
0.7424 2 63000
0.7432 2 63000
0.744 2 63000
0.7448 2 63000
0.7456 2 63000
0.748 1 65000
0.7488 1 65000
0.7496 1 65000
0.7504 1 65000
0.7512 1 65000
0.7536 1 1000
0.7976 2 1000
0.8488 1 2000
0.8496 2 2000
0.8696 1 3000
0.8704 1 4000
0.8712 2 3000
0.892 1 5000
0.8928 1 6000
0.8936 1 7000
0.8944 1 8000
0.8952 2 4000
0.896 2 5000
0.8968 2 6000
0.9128 1 9000
0.9136 1 10000
0.9144 1 11000
0.9152 1 12000
0.916 1 13000
0.9168 1 14000
0.9176 1 15000
0.9184 1 16000
0.9192 2 7000
0.92 2 8000
0.9208 2 9000
0.9216 2 10000
0.9224 2 11000
0.9232 2 12000
0.9336 1 17000
0.9344 1 18000
0.9352 1 19000
0.936 1 20000
0.9368 1 21000
0.9376 1 22000
0.9384 1 23000
0.9392 1 24000
0.94 1 25000
0.9408 1 26000
0.9416 1 27000
0.9424 1 28000
0.9432 1 29000
0.944 1 30000
0.9448 1 31000
0.9456 1 32000
0.9464 2 13000
0.9472 2 14000
0.948 2 15000
0.9488 2 16000
0.9496 2 17000
0.9504 2 18000
0.9512 2 19000
0.952 2 20000
0.9528 2 21000
0.9536 2 22000
0.9544 2 23000
0.9552 2 24000
0.956 1 33000
0.9568 1 33000
0.9576 1 33000
0.9584 1 33000
0.9592 1 33000
0.96 1 33000
0.9608 1 33000
0.9616 1 33000
0.9624 1 33000
0.9632 1 33000
0.964 1 33000
0.9648 1 33000
0.9656 1 33000
0.9664 1 33000
0.9672 1 33000
0.968 1 33000
0.9688 1 33000
0.9696 1 33000
0.9704 1 33000
0.9712 1 33000
0.972 1 33000
0.9728 1 33000
0.9736 1 33000
0.9744 1 33000
0.9752 1 33000
0.976 1 33000
0.9768 1 33000
0.9776 1 33000
0.9784 1 33000
0.9792 1 33000
0.98 1 33000
0.9808 1 33000
0.9816 2 25000
0.9824 2 26000
0.9832 2 27000
0.984 2 28000
0.9848 2 29000
0.9856 2 30000
0.9864 2 31000
0.9872 2 32000
0.988 2 32000
0.9888 2 32000
0.9896 2 32000
0.9904 2 32000
0.9912 2 32000
0.992 2 32000
0.9928 2 32000
0.9936 2 32000
0.9944 2 32000
0.9952 2 32000
0.996 2 32000
0.9968 2 32000
0.9976 2 32000
0.9984 2 32000
0.9992 2 32000
1.0 2 32000
1.0008 1 33000
1.0016 1 33000
1.0024 1 34000
1.0032 1 34000
1.004 1 34000
1.0048 1 34000
1.0056 1 34000
1.0064 1 34000
1.0072 1 34000
1.008 1 34000
1.0088 1 34000
1.0096 1 34000
1.0104 1 34000
1.0112 1 34000
1.012 1 34000
1.0128 1 34000
1.0136 1 34000
1.0144 1 34000
1.0152 1 34000
1.016 1 34000
1.0168 1 34000
1.0176 1 34000
1.0184 1 34000
1.0192 1 34000
1.02 1 34000
1.0208 1 34000
1.0216 1 34000
1.0224 1 34000
1.0232 1 34000
1.024 1 34000
1.0248 1 34000
1.0256 1 34000
1.0264 1 34000
1.0272 2 32000
1.028 2 32000
1.0288 2 32000
1.0296 2 32000
1.0304 2 32000
1.0312 2 32000
1.032 2 32000
1.0328 2 32000
1.0336 2 32000
1.0344 2 32000
1.0352 2 32000
1.036 2 32000
1.0368 2 32000
1.0376 2 32000
1.0384 2 32000
1.0392 2 32000
1.04 2 33000
1.0408 2 33000
1.0416 2 33000
1.0424 2 33000
1.0432 2 33000
1.044 2 33000
1.0448 2 33000
1.0456 2 33000
1.0464 2 33000
1.0472 2 33000
1.048 2 33000
1.0488 2 33000
1.0496 2 33000
1.0504 2 33000
1.0512 2 33000
1.052 2 33000
1.0528 1 34000
1.0536 1 34000
1.0544 1 34000
1.0552 1 35000
1.056 1 35000
1.0568 1 35000
1.0576 1 35000
1.0584 1 35000
1.0592 1 35000
1.06 1 35000
1.0608 1 35000
1.0616 1 35000
1.0624 1 35000
1.0632 1 35000
1.064 1 35000
1.0648 1 35000
1.0656 1 35000
1.0664 1 35000
1.0672 1 35000
1.068 1 35000
1.0688 1 35000
1.0696 1 35000
1.0704 1 35000
1.0712 1 35000
1.072 1 35000
1.0728 1 35000
1.0736 1 35000
1.0744 1 35000
1.0752 1 35000
1.076 1 35000
1.0768 1 35000
1.0776 1 35000
1.0784 1 35000
1.0792 1 35000
1.08 2 33000
1.0808 2 33000
1.0816 2 33000
1.0824 2 33000
1.0832 2 33000
1.084 2 33000
1.0848 2 33000
1.0856 2 33000
1.0864 2 33000
1.0872 2 33000
1.088 2 33000
1.0888 2 33000
1.0896 2 33000
1.0904 2 33000
1.0912 2 33000
1.092 2 33000
1.0928 2 33000
1.0936 2 34000
1.0944 2 34000
1.0952 2 34000
1.096 2 34000
1.0968 2 34000
1.0976 2 34000
1.0984 2 34000
1.0992 2 34000
1.1 2 34000
1.1008 2 34000
1.1016 2 34000
1.1024 2 34000
1.1032 2 34000
1.104 2 34000
1.1048 2 34000
1.1056 2 34000
1.1064 1 35000
1.1072 1 35000
1.108 1 35000
1.1088 1 35000
1.1096 1 35000
1.1104 1 36000
1.1112 1 36000
1.112 1 36000
1.1128 1 36000
1.1136 1 36000
1.1144 1 36000
1.1152 1 36000
1.116 1 36000
1.1168 1 36000
1.1176 1 36000
1.1184 1 36000
1.1192 1 36000
1.12 1 36000
1.1208 1 36000
1.1216 1 36000
1.1224 1 36000
1.1232 1 36000
1.124 1 36000
1.1248 1 36000
1.1256 1 36000
1.1264 1 36000
1.1272 1 36000
1.128 1 36000
1.1288 1 36000
1.1296 1 36000
1.1304 1 36000
1.1312 1 36000
1.132 1 36000
1.1328 1 36000
1.1336 1 36000
1.1344 2 34000
1.1352 2 34000
1.136 2 34000
1.1368 2 34000
1.1376 2 34000
1.1384 2 34000
1.1392 2 34000
1.14 2 34000
1.1408 2 34000
1.1416 2 34000
1.1424 2 34000
1.1432 2 34000
1.144 2 34000
1.1448 2 34000
1.1456 2 34000
1.1464 2 34000
1.1472 2 34000
1.148 2 34000
1.1488 2 34000
1.1496 2 35000
1.1504 2 35000
1.1512 2 35000
1.152 2 35000
1.1528 2 35000
1.1536 2 35000
1.1544 2 35000
1.1552 2 35000
1.156 2 35000
1.1568 2 35000
1.1576 2 35000
1.1584 2 35000
1.1592 2 35000
1.16 2 35000
1.1608 2 35000
1.1616 1 36000
1.1624 1 36000
1.1632 1 36000
1.164 1 36000
1.1648 1 36000
1.1656 1 36000
1.1664 1 36000
1.1672 1 37000
1.168 1 37000
1.1688 1 37000
1.1696 1 37000
1.1704 1 37000
1.1712 1 37000
1.172 1 37000
1.1728 1 37000
1.1736 1 37000
1.1744 1 37000
1.1752 1 37000
1.176 1 37000
1.1768 1 37000
1.1776 1 37000
1.1784 1 37000
1.1792 1 37000
1.18 1 37000
1.1808 1 37000
1.1816 1 37000
1.1824 1 37000
1.1832 1 37000
1.184 1 37000
1.1848 1 37000
1.1856 1 37000
1.1864 1 37000
1.1872 1 37000
1.188 1 37000
1.1888 1 37000
1.1896 1 37000
1.1904 2 35000
1.1912 2 35000
1.192 2 35000
1.1928 2 35000
1.1936 2 35000
1.1944 2 35000
1.1952 2 35000
1.196 2 35000
1.1968 2 35000
1.1976 2 35000
1.1984 2 35000
1.1992 2 35000
1.2 2 35000
1.2008 2 35000
1.2016 2 35000
1.2024 2 35000
1.2032 2 35000
1.204 2 35000
1.2048 2 35000
1.2056 2 35000
1.2064 2 36000
1.2072 2 36000
1.208 2 36000
1.2088 2 36000
1.2096 2 36000
1.2104 2 36000
1.2112 2 36000
1.212 2 36000
1.2128 2 36000
1.2136 2 36000
1.2144 2 36000
1.2152 2 36000
1.216 2 36000
1.2168 2 36000
1.2176 2 36000
1.2184 1 37000
1.2192 1 37000
1.22 1 37000
1.2208 1 37000
1.2216 1 37000
1.2224 1 37000
1.2232 1 37000
1.224 1 37000
1.2248 1 38000
1.2256 1 38000
1.2264 1 38000
1.2272 1 38000
1.228 1 38000
1.2288 1 38000
1.2296 1 38000
1.2304 1 38000
1.2312 1 38000
1.232 1 38000
1.2328 1 38000
1.2336 1 38000
1.2344 1 38000
1.2352 1 38000
1.236 1 38000
1.2368 1 38000
1.2376 1 38000
1.2384 1 38000
1.2392 1 38000
1.24 1 38000
1.2408 1 38000
1.2416 1 38000
1.2424 1 38000
1.2432 1 38000
1.244 1 38000
1.2448 1 38000
1.2456 1 38000
1.2464 1 38000
1.2472 1 38000
1.248 2 36000
1.2488 2 36000
1.2496 2 36000
1.2504 2 36000
1.2512 2 36000
1.252 2 36000
1.2528 2 36000
1.2536 2 36000
1.2544 2 36000
1.2552 2 36000
1.256 2 36000
1.2568 2 36000
1.2576 2 36000
1.2584 2 36000
1.2592 2 36000
1.26 2 36000
1.2608 2 36000
1.2616 2 36000
1.2624 2 36000
1.2632 2 36000
1.264 2 36000
1.2648 2 36000
1.2656 2 37000
1.2664 2 37000
1.2672 2 37000
1.268 2 37000
1.2688 2 37000
1.2696 2 37000
1.2704 2 37000
1.2712 2 37000
1.272 2 37000
1.2728 2 37000
1.2736 2 37000
1.2744 2 37000
1.2752 2 37000
1.276 2 37000
1.2768 1 38000
1.2776 1 38000
1.2784 1 38000
1.2792 1 38000
1.28 1 38000
1.2808 1 38000
1.2816 1 38000
1.2824 1 38000
1.2832 1 38000
1.284 1 39000
1.2848 1 39000
1.2856 1 39000
1.2864 1 39000
1.2872 1 39000
1.288 1 39000
1.2888 1 39000
1.2896 1 39000
1.2904 1 39000
1.2912 1 39000
1.292 1 39000
1.2928 1 39000
1.2936 1 39000
1.2944 1 39000
1.2952 1 39000
1.296 1 39000
1.2968 1 39000
1.2976 1 39000
1.2984 1 39000
1.2992 1 39000
1.3 1 39000
1.3008 1 39000
1.3016 1 39000
1.3024 1 39000
1.3032 1 39000
1.304 1 39000
1.3048 1 39000
1.3056 1 39000
1.3064 1 39000
1.3072 2 37000
1.308 2 37000
1.3088 2 37000
1.3096 2 37000
1.3104 2 37000
1.3112 2 37000
1.312 2 37000
1.3128 2 37000
1.3136 2 37000
1.3144 2 37000
1.3152 2 37000
1.316 2 37000
1.3168 2 37000
1.3176 2 37000
1.3184 2 37000
1.3192 2 37000
1.32 2 37000
1.3208 2 37000
1.3216 2 37000
1.3224 2 37000
1.3232 2 37000
1.324 2 37000
1.3248 2 37000
1.3256 2 38000
1.3264 2 38000
1.3272 2 38000
1.328 2 38000
1.3288 2 38000
1.3296 2 38000
1.3304 2 38000
1.3312 2 38000
1.332 2 38000
1.3328 2 38000
1.3336 2 38000
1.3344 2 38000
1.3352 2 38000
1.336 2 38000
1.3368 1 39000
1.3376 1 39000
1.3384 1 39000
1.3392 1 39000
1.34 1 39000
1.3408 1 39000
1.3416 1 39000
1.3424 1 39000
1.3432 1 39000
1.344 1 39000
1.3448 1 39000
1.3456 1 40000
1.3464 1 40000
1.3472 1 40000
1.348 1 40000
1.3488 1 40000
1.3496 1 40000
1.3504 1 40000
1.3512 1 40000
1.352 1 40000
1.3528 1 40000
1.3536 1 40000
1.3544 1 40000
1.3552 1 40000
1.356 1 40000
1.3568 1 40000
1.3576 1 40000
1.3584 1 40000
1.3592 1 40000
1.36 1 40000
1.3608 1 40000
1.3616 1 40000
1.3624 1 40000
1.3632 1 40000
1.364 1 40000
1.3648 1 40000
1.3656 1 40000
1.3664 1 40000
1.3672 1 40000
1.368 2 38000
1.3688 2 38000
1.3696 2 38000
1.3704 2 38000
1.3712 2 38000
1.372 2 38000
1.3728 2 38000
1.3736 2 38000
1.3744 2 38000
1.3752 2 38000
1.376 2 38000
1.3768 2 38000
1.3776 2 38000
1.3784 2 38000
1.3792 2 38000
1.38 2 38000
1.3808 2 38000
1.3816 2 38000
1.3824 2 38000
1.3832 2 38000
1.384 2 38000
1.3848 2 38000
1.3856 2 38000
1.3864 2 38000
1.3872 2 38000
1.388 2 39000
1.3888 2 39000
1.3896 2 39000
1.3904 2 39000
1.3912 2 39000
1.392 2 39000
1.3928 2 39000
1.3936 2 39000
1.3944 2 39000
1.3952 2 39000
1.396 2 39000
1.3968 2 39000
1.3976 2 39000
1.3984 1 40000
1.3992 1 40000
1.4 1 40000
1.4008 1 40000
1.4016 1 40000
1.4024 1 40000
1.4032 1 40000
1.404 1 40000
1.4048 1 40000
1.4056 1 40000
1.4064 1 40000
1.4072 1 40000
1.408 1 41000
1.4088 1 41000
1.4096 1 41000
1.4104 1 41000
1.4112 1 41000
1.412 1 41000
1.4128 1 41000
1.4136 1 41000
1.4144 1 41000
1.4152 1 41000
1.416 1 41000
1.4168 1 41000
1.4176 1 41000
1.4184 1 41000
1.4192 1 41000
1.42 1 41000
1.4208 1 41000
1.4216 1 41000
1.4224 1 41000
1.4232 1 41000
1.424 1 41000
1.4248 1 41000
1.4256 1 41000
1.4264 1 41000
1.4272 1 41000
1.428 1 41000
1.4288 1 41000
1.4296 1 41000
1.4304 2 39000
1.4312 2 39000
1.432 2 39000
1.4328 2 39000
1.4336 2 39000
1.4344 2 39000
1.4352 2 39000
1.436 2 39000
1.4368 2 39000
1.4376 2 39000
1.4384 2 39000
1.4392 2 39000
1.44 2 39000
1.4408 2 39000
1.4416 2 39000
1.4424 2 39000
1.4432 2 39000
1.444 2 39000
1.4448 2 39000
1.4456 2 39000
1.4464 2 39000
1.4472 2 39000
1.448 2 39000
1.4488 2 39000
1.4496 2 39000
1.4504 2 39000
1.4512 2 39000
1.452 2 40000
1.4528 2 40000
1.4536 2 40000
1.4544 2 40000
1.4552 2 40000
1.456 2 40000
1.4568 2 40000
1.4576 2 40000
1.4584 2 40000
1.4592 2 40000
1.46 2 40000
1.4608 2 40000
1.4616 1 41000
1.4624 1 41000
1.4632 1 41000
1.464 1 41000
1.4648 1 41000
1.4656 1 41000
1.4664 1 41000
1.4672 1 41000
1.468 1 41000
1.4688 1 41000
1.4696 1 41000
1.4704 1 41000
1.4712 1 41000
1.472 1 41000
1.4728 1 42000
1.4736 1 42000
1.4744 1 42000
1.4752 1 42000
1.476 1 42000
1.4768 1 42000
1.4776 1 42000
1.4784 1 42000
1.4792 1 42000
1.48 1 42000
1.4808 1 42000
1.4816 1 42000
1.4824 1 42000
1.4832 1 42000
1.484 1 42000
1.4848 1 42000
1.4856 1 42000
1.4864 1 42000
1.4872 1 42000
1.488 1 42000
1.4888 1 42000
1.4896 1 42000
1.4904 1 42000
1.4912 1 42000
1.492 1 42000
1.4928 1 42000
1.4936 1 42000
1.4944 2 40000
1.4952 2 40000
1.496 2 40000
1.4968 2 40000
1.4976 2 40000
1.4984 2 40000
1.4992 2 40000
1.5 2 40000
1.5008 2 40000
1.5016 2 40000
1.5024 2 40000
1.5032 2 40000
1.504 2 40000
1.5048 2 40000
1.5056 2 40000
1.5064 2 40000
1.5072 2 40000
1.508 2 40000
1.5088 2 40000
1.5096 2 40000
1.5104 2 40000
1.5112 2 40000
1.512 2 40000
1.5128 2 40000
1.5136 2 40000
1.5144 2 40000
1.5152 2 40000
1.516 2 40000
1.5168 2 41000
1.5176 2 41000
1.5184 2 41000
1.5192 2 41000
1.52 2 41000
1.5208 2 41000
1.5216 2 41000
1.5224 2 41000
1.5232 2 41000
1.524 2 41000
1.5248 2 41000
1.5256 2 41000
1.5264 1 42000
1.5272 1 42000
1.528 1 42000
1.5288 1 42000
1.5296 1 42000
1.5304 1 42000
1.5312 1 42000
1.532 1 42000
1.5328 1 42000
1.5336 1 42000
1.5344 1 42000
1.5352 1 42000
1.536 1 42000
1.5368 1 42000
1.5376 1 42000
1.5384 1 42000
1.5392 1 42000
1.54 1 43000
1.5408 1 43000
1.5416 1 43000
1.5424 1 43000
1.5432 1 43000
1.544 1 43000
1.5448 1 43000
1.5456 1 43000
1.5464 1 43000
1.5472 1 43000
1.548 1 43000
1.5488 1 43000
1.5496 1 43000
1.5504 1 43000
1.5512 1 43000
1.552 1 43000
1.5528 1 43000
1.5536 1 43000
1.5544 1 43000
1.5552 1 43000
1.556 1 43000
1.5568 1 43000
1.5576 1 43000
1.5584 1 43000
1.5592 1 43000
1.56 2 41000
1.5608 2 41000
1.5616 2 41000
1.5624 2 41000
1.5632 2 41000
1.564 2 41000
1.5648 2 41000
1.5656 2 41000
1.5664 2 41000
1.5672 2 41000
1.568 2 41000
1.5688 2 41000
1.5696 2 41000
1.5704 2 41000
1.5712 2 41000
1.572 2 41000
1.5728 2 41000
1.5736 2 41000
1.5744 2 41000
1.5752 2 41000
1.576 2 41000
1.5768 2 41000
1.5776 2 41000
1.5784 2 41000
1.5792 2 41000
1.58 2 41000
1.5808 2 41000
1.5816 2 41000
1.5824 2 41000
1.5832 2 42000
1.584 2 42000
1.5848 2 42000
1.5856 2 42000
1.5864 2 42000
1.5872 2 42000
1.588 2 42000
1.5888 2 42000
1.5896 2 42000
1.5904 2 42000
1.5912 2 42000
1.592 2 42000
1.5928 1 43000
1.5936 1 43000
1.5944 1 43000
1.5952 1 43000
1.596 1 43000
1.5968 1 43000
1.5976 1 43000
1.5984 1 43000
1.5992 1 43000
1.6 1 43000
1.6008 1 43000
1.6016 1 43000
1.6024 1 43000
1.6032 1 43000
1.604 1 43000
1.6048 1 43000
1.6056 1 43000
1.6064 1 43000
1.6072 1 44000
1.608 1 44000
1.6088 1 44000
1.6096 1 44000
1.6104 1 44000
1.6112 1 44000
1.612 1 44000
1.6128 1 44000
1.6136 1 44000
1.6144 1 44000
1.6152 1 44000
1.616 1 44000
1.6168 1 44000
1.6176 1 44000
1.6184 1 44000
1.6192 1 44000
1.62 1 44000
1.6208 1 44000
1.6216 1 44000
1.6224 1 44000
1.6232 1 44000
1.624 1 44000
1.6248 1 44000
1.6256 1 44000
1.6264 1 44000
1.6272 2 42000
1.628 2 42000
1.6288 2 42000
1.6296 2 42000
1.6304 2 42000
1.6312 2 42000
1.632 2 42000
1.6328 2 42000
1.6336 2 42000
1.6344 2 42000
1.6352 2 42000
1.636 2 42000
1.6368 2 42000
1.6376 2 42000
1.6384 2 42000
1.6392 2 42000
1.64 2 42000
1.6408 2 42000
1.6416 2 42000
1.6424 2 42000
1.6432 2 42000
1.644 2 42000
1.6448 2 42000
1.6456 2 42000
1.6464 2 42000
1.6472 2 42000
1.648 2 42000
1.6488 2 42000
1.6496 2 42000
1.6504 2 42000
1.6512 2 42000
1.652 2 42000
1.6528 2 43000
1.6536 2 43000
1.6544 2 43000
1.6552 2 43000
1.656 2 43000
1.6568 2 43000
1.6576 2 43000
1.6584 2 43000
1.6592 2 43000
1.66 2 43000
1.6608 1 44000
1.6616 1 44000
1.6624 1 44000
1.6632 1 44000
1.664 1 44000
1.6648 1 44000
1.6656 1 44000
1.6664 1 44000
1.6672 1 44000
1.668 1 44000
1.6688 1 44000
1.6696 1 44000
1.6704 1 44000
1.6712 1 44000
1.672 1 44000
1.6728 1 44000
1.6736 1 44000
1.6744 1 44000
1.6752 1 44000
1.676 1 44000
1.6768 1 44000
1.6776 1 45000
1.6784 1 45000
1.6792 1 45000
1.68 1 45000
1.6808 1 45000
1.6816 1 45000
1.6824 1 45000
1.6832 1 45000
1.684 1 45000
1.6848 1 45000
1.6856 1 45000
1.6864 1 45000
1.6872 1 45000
1.688 1 45000
1.6888 1 45000
1.6896 1 45000
1.6904 1 45000
1.6912 1 45000
1.692 1 45000
1.6928 1 45000
1.6936 1 45000
1.6944 1 45000
1.6952 1 45000
1.696 2 43000
1.6968 2 43000
1.6976 2 43000
1.6984 2 43000
1.6992 2 43000
1.7 2 43000
1.7008 2 43000
1.7016 2 43000
1.7024 2 43000
1.7032 2 43000
1.704 2 43000
1.7048 2 43000
1.7056 2 43000
1.7064 2 43000
1.7072 2 43000
1.708 2 43000
1.7088 2 43000
1.7096 2 43000
1.7104 2 43000
1.7112 2 43000
1.712 2 43000
1.7128 2 43000
1.7136 2 43000
1.7144 2 43000
1.7152 2 43000
1.716 2 43000
1.7168 2 43000
1.7176 2 43000
1.7184 2 43000
1.7192 2 43000
1.72 2 43000
1.7208 2 43000
1.7216 2 43000
1.7224 2 44000
1.7232 2 44000
1.724 2 44000
1.7248 2 44000
1.7256 2 44000
1.7264 2 44000
1.7272 2 44000
1.728 2 44000
1.7288 2 44000
1.7296 2 44000
1.7304 1 45000
1.7312 1 45000
1.732 1 45000
1.7328 1 45000
1.7336 1 45000
1.7344 1 45000
1.7352 1 45000
1.736 1 45000
1.7368 1 45000
1.7376 1 45000
1.7384 1 45000
1.7392 1 45000
1.74 1 45000
1.7408 1 45000
1.7416 1 45000
1.7424 1 45000
1.7432 1 45000
1.744 1 45000
1.7448 1 45000
1.7456 1 45000
1.7464 1 45000
1.7472 1 45000
1.748 1 46000
1.7488 1 46000
1.7496 1 46000
1.7504 1 46000
1.7512 1 46000
1.752 1 46000
1.7528 1 46000
1.7536 1 46000
1.7544 1 46000
1.7552 1 46000
1.756 1 46000
1.7568 1 46000
1.7576 1 46000
1.7584 1 46000
1.7592 1 46000
1.76 1 46000
1.7608 1 46000
1.7616 1 46000
1.7624 1 46000
1.7632 1 46000
1.764 1 46000
1.7648 1 46000
1.7656 1 46000
1.7664 2 44000
1.7672 2 44000
1.768 2 44000
1.7688 2 44000
1.7696 2 44000
1.7704 2 44000
1.7712 2 44000
1.772 2 44000
1.7728 2 44000
1.7736 2 44000
1.7744 2 44000
1.7752 2 44000
1.776 2 44000
1.7768 2 44000
1.7776 2 44000
1.7784 2 44000
1.7792 2 44000
1.78 2 44000
1.7808 2 44000
1.7816 2 44000
1.7824 2 44000
1.7832 2 44000
1.784 2 44000
1.7848 2 44000
1.7856 2 44000
1.7864 2 44000
1.7872 2 44000
1.788 2 44000
1.7888 2 44000
1.7896 2 44000
1.7904 2 44000
1.7912 2 44000
1.792 2 44000
1.7928 2 44000
1.7936 2 44000
1.7944 2 44000
1.7952 2 45000
1.796 2 45000
1.7968 2 45000
1.7976 2 45000
1.7984 2 45000
1.7992 2 45000
1.8 2 45000
1.8008 2 45000
1.8016 1 46000
1.8024 1 46000
1.8032 1 46000
1.804 1 46000
1.8048 1 46000
1.8056 1 46000
1.8064 1 46000
1.8072 1 46000
1.808 1 46000
1.8088 1 46000
1.8096 1 46000
1.8104 1 46000
1.8112 1 46000
1.812 1 46000
1.8128 1 46000
1.8136 1 46000
1.8144 1 46000
1.8152 1 46000
1.816 1 46000
1.8168 1 46000
1.8176 1 46000
1.8184 1 46000
1.8192 1 46000
1.82 1 46000
1.8208 1 46000
1.8216 1 47000
1.8224 1 47000
1.8232 1 47000
1.824 1 47000
1.8248 1 47000
1.8256 1 47000
1.8264 1 47000
1.8272 1 47000
1.828 1 47000
1.8288 1 47000
1.8296 1 47000
1.8304 1 47000
1.8312 1 47000
1.832 1 47000
1.8328 1 47000
1.8336 1 47000
1.8344 1 47000
1.8352 1 47000
1.836 1 47000
1.8368 1 47000
1.8376 1 47000
1.8384 2 45000
1.8392 2 45000
1.84 2 45000
1.8408 2 45000
1.8416 2 45000
1.8424 2 45000
1.8432 2 45000
1.844 2 45000
1.8448 2 45000
1.8456 2 45000
1.8464 2 45000
1.8472 2 45000
1.848 2 45000
1.8488 2 45000
1.8496 2 45000
1.8504 2 45000
1.8512 2 45000
1.852 2 45000
1.8528 2 45000
1.8536 2 45000
1.8544 2 45000
1.8552 2 45000
1.856 2 45000
1.8568 2 45000
1.8576 2 45000
1.8584 2 45000
1.8592 2 45000
1.86 2 45000
1.8608 2 45000
1.8616 2 45000
1.8624 2 45000
1.8632 2 45000
1.864 2 45000
1.8648 2 45000
1.8656 2 45000
1.8664 2 45000
1.8672 2 45000
1.868 2 46000
1.8688 2 46000
1.8696 2 46000
1.8704 2 46000
1.8712 2 46000
1.872 2 46000
1.8728 2 46000
1.8736 2 46000
1.8744 1 47000
1.8752 1 47000
1.876 1 47000
1.8768 1 47000
1.8776 1 47000
1.8776008 1 47000
1.8784008 2 46000
1.8792008 2 46000
1.8800008 2 46000
1.8808008 2 46000
1.8816008 2 46000
1.8824008 2 46000
1.8832008 2 46000
1.8840008 2 46000
1.8848008 2 46000
1.8856008 2 46000
1.8864008 2 46000
1.8872008 2 46000
1.8880008 2 46000
1.8888008 2 46000
1.8896008 2 46000
1.8904008 2 46000
1.8912008 2 46000
1.8920008 2 46000
1.8928008 2 46000
1.8936008 2 46000
1.8944008 2 46000
1.8952008 2 46000
1.8960008 2 46000
1.8968008 2 46000
1.8976008 2 46000
1.8984008 2 46000
1.8992008 2 46000
1.9000008 2 46000
1.9008008 2 46000
1.9016008 2 46000
1.9024008 2 46000
1.9032008 2 46000
1.9040008 2 46000
1.9048008 2 46000
1.9056008 2 46000
1.9064008 2 46000
1.9072008 2 46000
1.9080008 2 46000
1.9088008 2 46000
1.9096008 2 46000
1.9104008 2 47000
1.9112008 2 47000
1.9120008 2 47000
1.9128008 2 47000
1.9136008 2 47000
1.9144008 2 47000
1.9152008 2 47000
1.9160008 2 47000
1.9160016 2 47000
