0.0108 1
0.0316 1
0.0324 1
0.0524 1
0.0532 1
0.054 1
0.0548 1
0.0732 1
0.074 1
0.0748 1
0.0756 1
0.0764 1
0.0772 1
0.078 1
0.0788 1
0.094 1
0.0948 1
0.0956 1
0.0964 1
0.0972 1
0.098 1
0.0988 1
0.0996 1
0.1004 1
0.1012 1
0.102 1
0.1028 1
0.1036 1
0.1044 1
0.1052 1
0.106 1
0.1108 2
0.1148 1
0.1156 1
0.1164 1
0.1172 1
0.118 1
0.1188 1
0.1196 1
0.1204 1
0.1212 1
0.122 1
0.1228 1
0.1236 1
0.1244 1
0.1252 1
0.126 1
0.1268 1
0.1276 1
0.1284 1
0.1292 1
0.13 1
0.1308 1
0.1316 1
0.1324 1
0.1332 1
0.134 1
0.1348 1
0.1356 1
0.1364 1
0.1372 1
0.138 1
0.1388 1
0.1396 1
0.1404 2
0.1412 2
0.142 1
0.1428 1
0.1436 1
0.1444 1
0.1452 1
0.146 1
0.1468 1
0.1476 1
0.1484 1
0.1492 1
0.15 1
0.1508 1
0.1516 1
0.1524 1
0.1532 1
0.154 1
0.1548 1
0.1556 1
0.1564 1
0.1572 1
0.158 1
0.1588 1
0.1596 1
0.1604 1
0.1612 1
0.162 1
0.1628 1
0.1636 1
0.1644 1
0.1652 1
0.166 1
0.1668 1
0.1676 1
0.1684 1
0.1692 1
0.17 1
0.1708 1
0.1716 1
0.1724 1
0.1732 1
0.174 1
0.1748 1
0.1756 1
0.1764 1
0.1772 1
0.178 1
0.1788 1
0.1796 1
0.1804 1
0.1812 1
0.182 1
0.1828 1
0.1836 1
0.1844 1
0.1852 1
0.186 1
0.1868 1
0.1876 1
0.1884 1
0.1892 1
0.19 1
0.1908 1
0.1916 1
0.1924 1
0.1932 2
0.194 2
0.1948 2
0.1956 2
0.1964 1
0.1972 1
0.198 1
0.1988 1
0.1996 1
0.2004 1
0.2012 1
0.202 1
0.2028 1
0.2036 1
0.2044 1
0.2052 1
0.206 1
0.2068 1
0.2076 1
0.2084 1
0.2092 1
0.21 1
0.2108 1
0.2116 1
0.2124 1
0.2132 1
0.214 1
0.2148 1
0.2156 1
0.2164 1
0.2172 1
0.218 1
0.2188 1
0.2196 1
0.2204 1
0.2212 1
0.222 1
0.2228 1
0.2236 1
0.2244 1
0.2252 1
0.226 1
0.2268 1
0.2276 1
0.2284 1
0.2292 1
0.23 1
0.2308 1
0.2316 1
0.2324 1
0.2332 1
0.234 1
0.2348 1
0.2356 1
0.2364 1
0.2372 1
0.238 1
0.2388 1
0.2396 1
0.2404 1
0.2412 1
0.242 1
0.2428 1
0.2436 1
0.2444 1
0.2452 1
0.246 1
0.2468 1
0.2476 1
0.2484 1
0.2492 1
0.25 1
0.2508 1
0.2516 1
0.2524 1
0.2532 1
0.254 1
0.2548 1
0.2556 1
0.2564 1
0.2572 1
0.258 1
0.2588 1
0.2596 1
0.2604 1
0.2612 1
0.262 1
0.2628 1
0.2636 1
0.2644 1
0.2652 1
0.266 1
0.2668 1
0.2676 1
0.2684 1
0.2692 1
0.27 1
0.2708 1
0.2716 1
0.2724 1
0.2732 1
0.274 1
0.2748 1
0.2756 1
0.2764 1
0.2772 1
0.278 1
0.2788 1
0.2796 1
0.2804 1
0.2812 1
0.282 1
0.2828 1
0.2836 1
0.2844 1
0.2852 1
0.286 1
0.2868 1
0.2876 1
0.2884 1
0.2892 1
0.29 1
0.2908 1
0.2916 1
0.2924 1
0.2932 1
0.294 2
0.2948 2
0.2956 2
0.2964 2
0.2972 1
0.298 1
0.2988 1
0.2996 1
0.3004 1
0.3012 1
0.302 1
0.3028 1
0.3036 1
0.3044 1
0.3052 1
0.306 1
0.3068 1
0.3076 1
0.3084 1
0.3092 1
0.31 1
0.3108 1
0.3116 1
0.3124 1
0.3132 1
0.314 1
0.3148 1
0.3156 1
0.3164 1
0.3172 1
0.318 1
0.3188 1
0.3196 1
0.3204 1
0.3212 1
0.322 1
0.3228 1
0.3236 1
0.3244 1
0.3252 1
0.326 1
0.3268 1
0.3276 1
0.3284 1
0.3292 1
0.33 1
0.3308 1
0.3316 1
0.3324 1
0.3332 1
0.334 1
0.3348 1
0.3356 1
0.3364 1
0.3372 1
0.338 1
0.3388 1
0.3396 1
0.3404 1
0.3412 1
0.342 1
0.3428 1
0.3436 1
0.3444 1
0.3452 1
0.346 1
0.3468 1
0.3476 1
0.3484 1
0.3492 1
0.35 1
0.3508 1
0.3516 1
0.3524 1
0.3532 1
0.354 1
0.3548 1
0.3556 1
0.3564 1
0.3572 1
0.358 1
0.3588 1
0.3596 1
0.3604 1
0.3612 1
0.362 1
0.3628 1
0.3636 1
0.3644 1
0.3652 1
0.366 1
0.3668 1
0.3676 1
0.3684 1
0.3692 1
0.37 1
0.3708 1
0.3716 1
0.3724 1
0.3732 1
0.374 1
0.3748 1
0.3756 1
0.3764 1
0.3772 1
0.378 1
0.3788 1
0.3796 1
0.3804 1
0.3812 1
0.382 1
0.3828 1
0.3836 1
0.3844 1
0.3852 1
0.386 1
0.3868 1
0.3876 1
0.3884 1
0.3892 1
0.39 4
0.3908 1
0.3916 2
0.3924 2
0.3932 2
0.4108 5
0.4116 4
0.4124 4
0.4132 1
0.414 1
0.4148 2
0.4156 2
0.4316 5
0.4324 5
0.4332 4
0.434 4
0.4348 4
0.4356 4
0.4364 1
0.4372 1
0.438 1
0.4388 2
0.4396 2
0.4404 2
0.4524 5
0.4532 5
0.454 5
0.4548 5
0.4556 4
0.4564 4
0.4572 4
0.458 4
0.4588 4
0.4596 4
0.4604 4
0.4612 4
0.462 1
0.4628 1
0.4636 1
0.4644 1
0.4652 1
0.466 1
0.4668 2
0.4676 2
0.4684 2
0.4692 2
0.47 2
0.4708 2
0.4716 2
0.4732 5
0.474 5
0.4748 5
0.4756 5
0.4764 5
0.4772 5
0.478 5
0.4788 5
0.4796 4
0.4804 4
0.4812 4
0.482 4
0.4828 4
0.4836 4
0.4844 4
0.4852 4
0.486 4
0.4868 4
0.4876 4
0.4884 4
0.4892 4
0.49 4
0.4908 4
0.4916 4
0.4924 1
0.4932 1
0.494 1
0.4948 1
0.4956 1
0.4964 1
0.4972 1
0.498 1
0.4988 1
0.4996 2
0.5004 2
0.5012 2
0.502 2
0.5028 2
0.5036 2
0.5044 5
0.5052 5
0.506 5
0.5068 5
0.5076 5
0.5084 5
0.5092 5
0.51 5
0.5108 5
0.5116 5
0.5124 5
0.5132 5
0.514 5
0.5148 5
0.5156 5
0.5164 5
0.5172 4
0.518 4
0.5188 4
0.5196 4
0.5204 4
0.5212 4
0.522 4
0.5228 4
0.5236 4
0.5244 4
0.5252 4
0.526 4
0.5268 4
0.5276 4
0.5284 4
0.5292 4
0.53 4
0.5308 4
0.5316 4
0.5324 4
0.5332 4
0.534 4
0.5348 4
0.5356 4
0.5364 4
0.5372 4
0.538 4
0.5388 4
0.5396 4
0.5404 4
0.5412 4
0.542 4
0.5428 1
0.5436 1
0.5444 1
0.5452 1
0.546 1
0.5468 1
0.5476 1
0.5484 1
0.5492 1
0.55 1
0.5508 1
0.5516 1
0.5524 2
0.5532 2
0.554 2
0.5548 2
0.5556 2
0.5564 2
0.5572 5
0.558 5
0.5588 5
0.5596 5
0.5604 5
0.5612 5
0.562 5
0.5628 5
0.5636 5
0.5644 5
0.5652 5
0.566 5
0.5668 5
0.5676 5
0.5684 5
0.5692 5
0.57 5
0.5708 5
0.5716 5
0.5724 5
0.5732 5
0.574 5
0.5748 5
0.5756 5
0.5764 5
0.5772 5
0.578 5
0.5788 5
0.5796 5
0.5804 5
0.5812 5
0.582 5
0.5828 4
0.5836 4
0.5844 4
0.5852 4
0.586 4
0.5868 4
0.5876 4
0.5884 4
0.5892 4
0.59 4
0.5908 4
0.5916 4
0.5924 4
0.5932 4
0.594 4
0.5948 4
0.5956 4
0.5964 4
0.5972 4
0.598 4
0.5988 4
0.5996 4
0.6004 4
0.6012 4
0.602 4
0.6028 4
0.6036 4
0.6044 4
0.6052 4
0.606 4
0.6068 4
0.6076 4
0.6084 4
0.6092 4
0.61 4
0.6108 4
0.6116 4
0.6124 4
0.6132 4
0.614 4
0.6148 4
0.6156 4
0.6164 4
0.6172 4
0.618 4
0.6188 4
0.6196 4
0.6204 4
0.6212 4
0.622 4
0.6228 4
0.6236 4
0.6244 4
0.6252 4
0.626 4
0.6268 4
0.6276 4
0.6284 4
0.6292 4
0.63 4
0.6308 4
0.6316 4
0.6324 4
0.6332 4
0.634 1
0.6348 1
0.6356 1
0.6364 1
0.6372 1
0.638 1
0.6388 1
0.6396 1
0.6404 1
0.6412 1
0.642 1
0.6428 1
0.6436 1
0.6444 1
0.6452 1
0.646 1
0.6468 1
0.6476 1
0.6484 2
0.6492 2
0.65 2
0.6508 2
0.6516 2
0.6524 2
0.6532 2
0.654 5
0.6548 5
0.6556 5
0.6564 5
0.6572 5
0.658 5
0.6588 5
0.6596 5
0.6604 5
0.6612 5
0.662 5
0.6628 5
0.6636 5
0.6644 5
0.6652 5
0.666 5
0.6668 5
0.6676 5
0.6684 5
0.6692 5
0.67 5
0.6708 5
0.6716 5
0.6724 5
0.6732 5
0.674 5
0.6748 5
0.6756 5
0.6764 5
0.6772 5
0.678 5
0.6788 5
0.6796 5
0.6804 5
0.6812 5
0.682 5
0.6828 4
0.6836 4
0.6844 4
0.6852 4
0.686 4
0.6868 4
0.6876 4
0.6884 4
0.6892 4
0.69 4
0.6908 4
0.6916 4
0.6924 4
0.6932 4
0.694 4
0.6948 4
0.6956 4
0.6964 4
0.6972 4
0.698 4
0.6988 4
0.6996 4
0.7004 4
0.7012 4
0.702 4
0.7028 4
0.7036 4
0.7044 4
0.7052 4
0.706 4
0.7068 4
0.7076 4
0.7084 4
0.7092 4
0.71 4
0.7108 4
0.7116 4
0.7124 4
0.7132 4
0.714 4
0.7148 4
0.7156 4
0.7164 4
0.7172 4
0.718 4
0.7188 4
0.7196 4
0.7204 4
0.7212 4
0.722 4
0.7228 4
0.7236 4
0.7244 4
0.7252 4
0.726 4
0.7268 4
0.7276 4
0.7284 4
0.7292 4
0.73 4
0.7308 4
0.7316 4
0.7324 4
0.7332 4
0.734 1
0.7348 1
0.7356 1
0.7364 1
0.7372 1
0.738 1
0.7388 1
0.7396 1
0.7404 1
0.7412 1
0.742 1
0.7428 1
0.7436 1
0.7444 1
0.7452 1
0.746 1
0.7468 1
0.7476 2
0.7484 2
0.7492 2
0.75 2
0.7508 2
0.7516 2
0.7524 2
0.7532 2
0.754 5
0.7548 5
0.7556 5
0.7564 5
0.7572 5
0.758 5
0.7588 5
0.7596 5
0.7604 5
0.7612 5
0.762 4
0.7628 4
0.7636 4
0.7644 1
0.7652 1
0.766 1
0.7668 1
0.7684 2
0.7692 2
0.77 2
0.7708 2
0.7716 2
0.7724 2
0.7732 2
0.774 2
0.7748 2
0.782 5
0.7828 5
0.7844 4
0.7852 4
0.7876 1
0.7884 1
0.7892 2
0.79 2
0.7908 2
0.7916 2
0.7924 2
0.7932 2
0.794 2
0.7948 2
0.7956 2
0.7964 2
0.8028 5
0.8036 5
0.8044 5
0.8052 4
0.806 4
0.8068 4
0.8084 1
0.8092 1
0.81 1
0.8108 2
0.8116 2
0.8124 2
0.8132 2
0.814 2
0.8148 2
0.8156 2
0.8164 2
0.8172 2
0.818 2
0.8188 2
0.8236 5
0.8244 5
0.8252 5
0.826 5
0.8268 5
0.8276 5
0.8284 4
0.8292 4
0.83 4
0.8308 4
0.8316 4
0.8324 4
0.8332 1
0.834 1
0.8348 1
0.8356 1
0.8364 2
0.8372 2
0.838 2
0.8388 2
0.8396 2
0.8404 2
0.8412 2
0.842 2
0.8428 2
0.8436 2
0.8444 2
0.8452 2
0.846 5
0.8468 5
0.8476 5
0.8484 5
0.8492 5
0.85 5
0.8508 5
0.8516 5
0.8524 5
0.8532 4
0.854 4
0.8548 4
0.8556 4
0.8564 4
0.8572 4
0.858 4
0.8588 4
0.8596 4
0.8604 1
0.8612 1
0.862 1
0.8628 1
0.8636 1
0.8644 1
0.8652 2
0.866 2
0.8668 2
0.8676 2
0.8684 2
0.8692 2
0.87 2
0.8708 2
0.8716 2
0.8724 2
0.8732 2
0.874 2
0.8748 2
0.8756 5
0.8764 5
0.8772 5
0.878 5
0.8788 5
0.8796 5
0.8804 5
0.8812 5
0.882 5
0.8828 5
0.8836 5
0.8844 5
0.8852 4
0.886 4
0.8868 4
0.8876 4
0.8884 4
0.8892 4
0.89 4
0.8908 4
0.8916 4
0.8924 4
0.8932 4
0.894 4
0.8948 1
0.8956 1
0.8964 1
0.8972 1
0.898 1
0.8988 1
0.8996 2
0.9004 2
0.9012 2
0.902 2
0.9028 2
0.9036 2
0.9044 2
0.9052 2
0.906 2
0.9068 2
0.9076 2
0.9084 2
0.9092 2
0.91 2
0.9108 5
0.9116 5
0.9124 5
0.9132 5
0.914 5
0.9148 5
0.9156 5
0.9164 5
0.9172 5
0.918 5
0.9188 5
0.9196 5
0.9204 5
0.9212 5
0.922 5
0.9228 5
0.9236 5
0.9244 5
0.9252 4
0.926 4
0.9268 4
0.9276 4
0.9284 4
0.9292 4
0.93 4
0.9308 4
0.9316 4
0.9324 4
0.9332 4
0.934 4
0.9348 4
0.9356 4
0.9364 4
0.9372 4
0.938 4
0.9388 4
0.9396 1
0.9404 1
0.9412 1
0.942 1
0.9428 1
0.9436 1
0.9444 2
0.9452 2
0.946 2
0.9468 2
0.9476 2
0.9484 2
0.9492 2
0.95 2
0.9508 2
0.9516 2
0.9524 2
0.9532 2
0.954 2
0.9548 2
0.9556 2
0.9564 5
0.9572 5
0.958 5
0.9588 5
0.9596 5
0.9604 5
0.9612 5
0.962 5
0.9628 5
0.9636 5
0.9644 5
0.9652 5
0.966 5
0.9668 5
0.9676 5
0.9684 5
0.9692 5
0.97 5
0.9708 5
0.9716 5
0.9724 5
0.9732 5
0.974 5
0.9748 5
0.9756 5
0.9764 5
0.9772 5
0.978 4
0.9788 4
0.9796 4
0.9804 4
0.9812 4
0.982 4
0.9828 4
0.9836 4
0.9844 4
0.9852 4
0.986 4
0.9868 4
0.9876 4
0.9884 4
0.9892 4
0.99 4
0.9908 4
0.9916 4
0.9924 4
0.9932 4
0.994 4
0.9948 4
0.9956 4
0.9964 4
0.9972 4
0.998 4
0.9988 4
0.9996 1
1.0004 1
1.0012 1
1.002 1
1.0028 1
1.0036 1
1.0044 2
1.0052 2
1.006 2
1.0068 2
1.0076 2
1.0084 2
1.0092 2
1.01 2
1.0108 2
1.0116 2
1.0124 2
1.0132 2
1.014 2
1.0148 2
1.0156 2
1.0164 2
1.0172 5
1.018 5
1.0188 5
1.0196 5
1.0204 5
1.0212 5
1.022 5
1.0228 5
1.0236 5
1.0244 5
1.0252 5
1.026 5
1.0268 5
1.0276 5
1.0284 5
1.0292 5
1.03 5
1.0308 5
1.0316 5
1.0324 5
1.0332 5
1.034 5
1.0348 5
1.0356 5
1.0364 5
1.0372 5
1.038 5
1.0388 5
1.0396 5
1.0404 5
1.0412 5
1.042 5
1.0428 5
1.0436 5
1.0444 5
1.0452 5
1.046 5
1.0468 4
1.0476 4
1.0484 4
1.0492 4
1.05 4
1.0508 4
1.0516 4
1.0524 4
1.0532 4
1.054 4
1.0548 4
1.0556 4
1.0564 4
1.0572 4
1.058 4
1.0588 4
1.0596 4
1.0604 4
1.0612 4
1.062 4
1.0628 4
1.0636 4
1.0644 4
1.0652 4
1.066 4
1.0668 4
1.0676 4
1.0684 4
1.0692 4
1.07 4
1.0708 4
1.0716 4
1.0724 4
1.0732 4
1.074 4
1.0748 4
1.0756 4
1.0764 4
1.0772 4
1.078 4
1.0788 4
1.0796 4
1.0804 1
1.0812 1
1.082 1
1.0828 1
1.0836 1
1.0844 1
1.0852 2
1.086 2
1.0868 2
1.0876 2
1.0884 2
1.0892 2
1.09 2
1.0908 2
1.0916 2
1.0924 2
1.0932 2
1.094 2
1.0948 2
1.0956 2
1.0964 2
1.0972 2
1.098 2
1.0988 5
1.0996 5
1.1004 5
1.1012 5
1.102 5
1.1028 5
1.1036 5
1.1044 5
1.1052 5
1.106 5
1.1068 5
1.1076 5
1.1084 5
1.1092 5
1.11 5
1.1108 5
1.1116 5
1.1124 5
1.1132 5
1.114 5
1.1148 5
1.1156 5
1.1164 5
1.1172 5
1.118 5
1.1188 5
1.1196 5
1.1204 5
1.1212 5
1.122 5
1.1228 5
1.1236 5
1.1244 5
1.1252 5
1.126 5
1.1268 5
1.1276 5
1.1284 5
1.1292 4
1.13 4
1.1308 4
1.1316 4
1.1324 4
1.1332 4
1.134 4
1.1348 4
1.1356 4
1.1364 4
1.1372 4
1.138 4
1.1388 4
1.1396 4
1.1404 4
1.1412 4
1.142 4
1.1428 4
1.1436 4
1.1444 4
1.1452 4
1.146 4
1.1468 4
1.1476 4
1.1484 4
1.1492 4
1.15 4
1.1508 4
1.1516 4
1.1524 4
1.1532 4
1.154 4
1.1548 4
1.1556 4
1.1564 4
1.1572 4
1.158 4
1.1588 4
1.1596 4
1.1604 4
1.1612 4
1.162 4
1.1628 4
1.1636 4
1.1644 4
1.1652 4
1.166 4
1.1668 4
1.1676 4
1.1684 4
1.1692 4
1.17 4
1.1708 4
1.1716 4
1.1724 4
1.1732 4
1.174 4
1.1748 4
1.1756 4
1.1764 4
1.1772 4
1.178 4
1.1788 4
1.1796 1
1.1804 1
1.1812 1
1.182 1
1.1828 1
1.1836 1
1.1844 2
1.1852 2
1.186 2
1.1868 2
1.1876 2
1.1884 2
1.1892 2
1.19 2
1.1908 2
1.1916 2
1.1924 2
1.1932 2
1.194 2
1.1948 2
1.1956 2
1.1964 2
1.1972 2
1.198 2
1.1988 5
1.1996 5
1.2004 5
1.2012 5
1.202 5
1.2028 5
1.2036 5
1.2044 5
1.2052 5
1.206 5
1.2068 5
1.2076 5
1.2084 5
1.2092 5
1.21 5
1.2108 5
1.2116 5
1.2124 5
1.2132 5
1.214 5
1.2148 5
1.2156 5
1.2164 5
1.2172 5
1.218 5
1.2188 5
1.2196 5
1.2204 5
1.2212 5
1.222 5
1.2228 5
1.2236 5
1.2244 5
1.2252 5
1.226 5
1.2268 5
1.2276 5
1.2284 5
1.2292 5
1.23 4
1.2308 4
1.2316 4
1.2324 4
1.2332 4
1.234 4
1.2348 4
1.2356 4
1.2364 4
1.2372 4
1.238 4
1.2388 4
1.2396 4
1.2404 4
1.2412 4
1.242 4
1.2428 4
1.2436 4
1.2444 4
1.2452 4
1.246 4
1.2468 4
1.2476 4
1.2484 4
1.2492 4
1.25 4
1.2508 4
1.2516 4
1.2524 4
1.2532 4
1.254 4
1.2548 4
1.2556 4
1.2564 4
1.2572 4
1.258 4
1.2588 4
1.2596 4
1.2604 4
1.2612 4
1.262 4
1.2628 4
1.2636 4
1.2644 4
1.2652 4
1.266 4
1.2668 4
1.2676 4
1.2684 4
1.2692 4
1.27 4
1.2708 4
1.2716 4
1.2724 4
1.2732 4
1.274 4
1.2748 4
1.2756 4
1.2764 4
1.2772 4
1.278 4
1.2788 1
1.2796 1
1.2804 1
1.2812 1
1.282 1
1.2828 1
1.2836 2
1.2844 2
1.2852 2
1.286 2
1.2868 2
1.2876 2
1.2884 2
1.2892 2
1.29 2
1.2908 2
1.2916 2
1.2924 2
1.2932 2
1.294 2
1.2948 2
1.2956 2
1.2964 2
1.2972 2
1.298 2
1.2988 5
1.2996 5
1.3004 5
1.3012 5
1.302 5
1.3028 5
1.3036 5
1.3044 5
1.3052 5
1.306 5
1.3068 5
1.3076 5
1.3084 5
1.3092 5
1.31 5
1.3108 5
1.3116 5
1.3124 5
1.3132 5
1.314 5
1.3148 5
1.3156 5
1.3164 5
1.3172 5
1.318 5
1.3188 5
1.3196 5
1.3204 5
1.3212 5
1.322 5
1.3228 5
1.3236 5
1.3244 5
1.3252 5
1.326 5
1.3268 5
1.3276 5
1.3284 5
1.3292 5
1.33 5
1.3308 4
1.3316 4
1.3324 4
1.3332 1
1.334 1
1.3348 1
1.3356 1
1.3364 1
1.3372 1
1.338 2
1.3388 2
1.3396 2
1.3404 2
1.3412 2
1.342 2
1.3428 2
1.3436 2
1.3444 2
1.3452 2
1.346 2
1.3468 2
1.3476 2
1.3484 2
1.3492 2
1.35 2
1.3508 2
1.3516 2
1.3524 2
1.3532 2
1.354 5
1.3548 5
1.3556 5
1.3564 5
1.3572 5
1.358 5
1.3588 5
1.3596 5
1.3604 5
1.3612 5
1.362 5
1.3628 5
1.3636 5
1.3644 5
1.3652 5
1.366 5
1.3668 5
1.3676 5
1.3684 5
1.3692 5
1.37 5
1.3708 5
1.3716 5
1.3724 5
1.3732 5
1.374 5
1.3748 5
1.3756 5
1.3764 5
1.3772 5
1.378 5
1.3788 5
1.3796 5
1.3804 5
1.3812 5
1.382 5
1.3828 5
1.3836 5
1.3844 5
1.3852 5
1.386 5
1.3868 4
1.3876 4
1.3884 1
1.3892 1
1.39 1
1.3908 1
1.3916 1
1.3924 1
1.3932 2
1.394 2
1.3948 2
1.3956 2
1.3964 2
1.3972 2
1.398 2
1.3988 2
1.3996 2
1.4004 2
1.4012 2
1.402 2
1.4028 2
1.4036 2
1.4044 2
1.4052 2
1.406 2
1.4068 2
1.4076 2
1.4084 2
1.4092 2
1.41 5
1.4108 5
1.4116 5
1.4124 5
1.4132 5
1.414 5
1.4148 5
1.4156 5
1.4164 5
1.4172 5
1.418 5
1.4188 5
1.4196 5
1.4204 5
1.4212 5
1.422 5
1.4228 5
1.4236 5
1.4244 5
1.4252 5
1.426 5
1.4268 5
1.4276 5
1.4284 5
1.4292 5
1.43 5
1.4308 5
1.4316 5
1.4324 5
1.4332 5
1.434 5
1.4348 5
1.4356 5
1.4364 5
1.4372 5
1.438 5
1.4388 5
1.4396 5
1.4404 5
1.4412 5
1.442 5
1.4428 5
1.4436 4
1.4444 4
1.4452 4
1.446 1
1.4468 1
1.4476 1
1.4484 1
1.4492 1
1.45 1
1.4508 2
1.4516 2
1.4524 2
1.4532 2
1.454 2
1.4548 2
1.4556 2
1.4564 2
1.4572 2
1.458 2
1.4588 2
1.4596 2
1.4604 2
1.4612 2
1.462 2
1.4628 2
1.4636 2
1.4644 2
1.4652 2
1.466 2
1.4668 2
1.4676 2
1.4684 5
1.4692 5
1.47 5
1.4708 5
1.4716 5
1.4724 5
1.4732 5
1.474 5
1.4748 5
1.4756 5
1.4764 5
1.4772 5
1.478 5
1.4788 5
1.4796 5
1.4804 5
1.4812 5
1.482 5
1.4828 5
1.4836 5
1.4844 5
1.4852 5
1.486 5
1.4868 5
1.4876 5
1.4884 5
1.4892 5
1.49 5
1.4908 5
1.4916 5
1.4924 5
1.4932 5
1.494 5
1.4948 5
1.4956 5
1.4964 5
1.4972 5
1.498 5
1.4988 5
1.4996 5
1.5004 5
1.5012 5
1.502 5
1.5028 4
1.5036 4
1.5044 4
1.5052 4
1.506 4
1.5068 4
1.5076 4
1.5084 1
1.5092 1
1.51 1
1.5108 1
1.5116 1
1.5124 1
1.5132 2
1.514 2
1.5148 2
1.5156 2
1.5164 2
1.5172 2
1.518 2
1.5188 2
1.5196 2
1.5204 2
1.5212 2
1.522 2
1.5228 2
1.5236 2
1.5244 2
1.5252 2
1.526 2
1.5268 2
1.5276 2
1.5284 2
1.5292 2
1.53 2
1.5308 2
1.5316 5
1.5324 5
1.5332 5
1.534 5
1.5348 5
1.5356 5
1.5364 5
1.5372 5
1.538 5
1.5388 5
1.5396 5
1.5404 5
1.5412 5
1.542 5
1.5428 5
1.5436 5
1.5444 5
1.5452 5
1.546 5
1.5468 5
1.5476 5
1.5484 5
1.5492 5
1.55 5
1.5508 5
1.5516 5
1.5524 5
1.5532 5
1.554 5
1.5548 5
1.5556 5
1.5564 5
1.5572 5
1.558 5
1.5588 5
1.5596 5
1.5604 5
1.5612 5
1.562 5
1.5628 5
1.5636 5
1.5644 5
1.5652 5
1.566 5
1.5668 4
1.5676 4
1.5684 4
1.5692 4
1.57 4
1.5708 4
1.5716 4
1.5724 4
1.5732 1
1.574 1
1.5748 1
1.5756 1
1.5764 1
1.5772 1
1.578 2
1.5788 2
1.5796 2
1.5804 2
1.5812 2
1.582 2
1.5828 2
1.5836 2
1.5844 2
1.5852 2
1.586 2
1.5868 2
1.5876 2
1.5884 2
1.5892 2
1.59 2
1.5908 2
1.5916 2
1.5924 2
1.5932 2
1.594 2
1.5948 2
1.5956 2
1.5964 2
1.5972 5
1.598 5
1.5988 5
1.5996 5
1.6004 5
1.6012 5
1.602 5
1.6028 5
1.6036 5
1.6044 5
1.6052 5
1.606 5
1.6068 5
1.6076 5
1.6084 5
1.6092 5
1.61 5
1.6108 5
1.6116 5
1.6124 5
1.6132 5
1.614 5
1.6148 5
1.6156 5
1.6164 5
1.6172 5
1.618 5
1.6188 5
1.6196 5
1.6204 5
1.6212 5
1.622 5
1.6228 5
1.6236 5
1.6244 5
1.6252 5
1.626 5
1.6268 5
1.6276 5
1.6284 5
1.6292 5
1.63 5
1.6308 5
1.6316 5
1.6324 5
1.6332 4
1.634 4
1.6348 4
1.6356 4
1.6364 4
1.6372 4
1.638 1
1.6388 1
1.6396 1
1.6404 1
1.6412 1
1.642 1
1.6428 2
1.6436 2
1.6444 2
1.6452 2
1.646 2
1.6468 2
1.6476 2
1.6484 2
1.6492 2
1.65 2
1.6508 2
1.6516 2
1.6524 2
1.6532 2
1.654 2
1.6548 2
1.6556 2
1.6564 2
1.6572 2
1.658 2
1.6588 2
1.6596 2
1.6604 2
1.6612 2
1.662 2
1.6628 5
1.6636 5
1.6644 5
1.6652 5
1.666 5
1.6668 5
1.6676 5
1.6684 5
1.6692 5
1.67 5
1.6708 5
1.6716 5
1.6724 5
1.6732 5
1.674 5
1.6748 5
1.6756 5
1.6764 5
1.6772 5
1.678 5
1.6788 5
1.6796 5
1.6804 5
1.6812 5
1.682 5
1.6828 5
1.6836 5
1.6844 5
1.6852 5
1.686 5
1.6868 5
1.6876 5
1.6884 5
1.6892 5
1.69 5
1.6908 5
1.6916 5
1.6924 5
1.6932 5
1.694 5
1.6948 5
1.6956 5
1.6964 5
1.6972 5
1.698 5
1.6988 5
1.6996 4
1.7004 4
1.7012 4
1.702 4
1.7028 4
1.7036 4
1.7044 1
1.7052 1
1.706 1
1.7068 1
1.7076 1
1.7084 1
1.7092 2
1.71 2
1.7108 2
1.7116 2
1.7124 2
1.7132 2
1.714 2
1.7148 2
1.7156 2
1.7164 2
1.7172 2
1.718 2
1.7188 2
1.7196 2
1.7204 2
1.7212 2
1.722 2
1.7228 2
1.7236 2
1.7244 2
1.7252 2
1.726 2
1.7268 2
1.7276 2
1.7284 2
1.7292 2
1.73 5
1.7308 5
1.7316 5
1.7324 5
1.7332 5
1.734 5
1.7348 5
1.7356 5
1.7364 5
1.7372 5
1.738 5
1.7388 5
1.7396 5
1.7404 5
1.7412 5
1.742 5
1.7428 5
1.7436 5
1.7444 5
1.7452 5
1.746 5
1.7468 5
1.7476 5
1.7484 5
1.7492 5
1.75 5
1.7508 5
1.7516 5
1.7524 5
1.7532 5
1.754 5
1.7548 5
1.7556 5
1.7564 5
1.7572 5
1.758 5
1.7588 5
1.7596 5
1.7604 5
1.7612 5
1.762 5
1.7628 5
1.7636 5
1.7644 5
1.7652 5
1.766 5
1.7668 4
1.7676 4
1.7684 4
1.7692 4
1.77 4
1.7708 4
1.7716 1
1.7724 1
1.7732 1
1.774 1
1.7748 1
1.7756 1
1.7764 1
1.7772 2
1.778 2
1.7788 2
1.7796 2
1.7804 2
1.7812 2
1.782 2
1.7828 2
1.7836 2
1.7844 2
1.7852 2
1.786 2
1.7868 2
1.7876 2
1.7884 2
1.7892 2
1.79 2
1.7908 2
1.7916 2
1.7924 2
1.7932 2
1.794 2
1.7948 2
1.7956 2
1.7964 2
1.7972 2
1.798 2
1.7988 5
1.7996 5
1.8004 5
1.8012 5
1.802 5
1.8028 5
1.8036 5
1.8044 5
1.8052 5
1.806 5
1.8068 5
1.8076 5
1.8084 5
1.8092 5
1.81 5
1.8108 5
1.8116 5
1.8124 5
1.8132 5
1.814 5
1.8148 5
1.8156 5
1.8164 5
1.8172 5
1.818 5
1.8188 5
1.8196 5
1.8204 5
1.8212 5
1.822 5
1.8228 5
1.8236 5
1.8244 5
1.8252 5
1.826 5
1.8268 5
1.8276 5
1.8284 5
1.8292 5
1.83 5
1.8308 5
1.8316 5
1.8324 5
1.8332 5
1.834 5
1.8348 5
1.8356 5
1.8364 4
1.8372 4
1.838 4
1.8388 4
1.8396 4
1.8404 4
1.8412 1
1.842 1
1.8428 1
1.8436 1
1.8444 1
1.8452 1
1.846 2
1.8468 2
1.8476 2
1.8484 2
1.8492 2
1.85 2
1.8508 2
1.8516 2
1.8524 2
1.8532 2
1.854 2
1.8548 2
1.8556 2
1.8564 2
1.8572 2
1.858 2
1.8588 2
1.8596 2
1.8604 2
1.8612 2
1.862 2
1.8628 2
1.8636 2
1.8644 2
1.8652 2
1.866 2
1.8668 2
1.8676 2
1.8684 5
1.8692 5
1.87 5
1.8708 5
1.8716 5
1.8724 5
1.8732 5
1.874 5
1.8748 5
1.8756 5
1.8764 5
1.8772 5
1.878 5
1.8788 5
1.8796 5
1.8804 5
1.8812 5
1.882 5
1.8828 5
1.8836 5
1.8844 5
1.8852 5
1.886 5
1.8868 5
1.8876 5
1.8884 5
1.8892 5
1.89 5
1.8908 5
1.8916 5
1.8924 5
1.8932 5
1.894 5
1.8948 5
1.8956 5
1.8964 5
1.8972 5
1.898 5
1.8988 5
1.8996 5
1.9004 5
1.9012 5
1.902 5
1.9028 5
1.9036 5
1.9044 5
1.9052 5
1.906 5
1.9068 4
1.9076 4
1.9084 4
1.9092 4
1.91 4
1.9108 4
1.9116 1
1.9124 1
1.9132 1
1.914 1
1.9148 1
1.9156 1
1.9164 2
1.9172 2
1.918 2
1.9188 2
1.9196 2
1.9204 2
1.9212 2
1.922 2
1.9228 2
1.9236 2
1.9244 2
1.9252 2
1.926 2
1.9268 2
1.9276 2
1.9284 2
1.9292 2
1.93 2
1.9308 2
1.9316 2
1.9324 2
1.9332 2
1.934 2
1.9348 2
1.9356 2
1.9364 2
1.9372 2
1.938 2
1.9388 2
1.9396 5
1.9404 5
1.9412 5
1.942 5
1.9428 5
1.9436 5
1.9444 5
1.9452 5
1.946 5
1.9468 5
1.9476 5
1.9484 5
1.9492 5
1.95 5
1.9508 5
1.9516 5
1.9524 5
1.9532 5
1.954 5
1.9548 5
1.9556 5
1.9564 5
1.9572 5
1.958 5
1.9588 5
1.9596 5
1.9604 5
1.9612 5
1.962 5
1.9628 5
1.9636 5
1.9644 5
1.9652 5
1.966 5
1.9668 5
1.9676 5
1.9684 5
1.9692 5
1.97 5
1.9708 5
1.9716 5
1.9724 5
1.9732 5
1.974 5
1.9748 5
1.9756 5
1.9764 5
1.9772 5
1.978 5
1.9788 4
1.9796 4
1.9804 4
1.9812 4
1.982 4
1.9828 4
1.9836 1
1.9844 1
1.9852 1
1.986 1
1.9868 1
1.9876 1
1.9884 2
1.9892 2
1.99 2
1.9908 2
1.9916 2
1.9924 2
1.9932 2
1.994 2
1.9948 2
1.9956 2
1.9964 2
1.9972 2
1.998 2
1.9988 2
1.9996 2
2.0004 2
2.0012 2
2.002 2
2.0028 2
2.0036 2
2.0044 2
2.0052 2
2.006 2
2.0068 2
2.0076 2
2.0084 2
2.0092 2
2.01 2
2.0108 2
2.0116 2
2.0124 5
2.0132 5
2.014 5
2.0148 5
2.0156 5
2.0164 5
2.0172 5
2.018 5
2.0188 5
2.0196 5
2.0204 5
2.0212 5
2.022 5
2.0228 5
2.0236 5
2.0244 5
2.0252 5
2.026 5
2.0268 5
2.0276 5
2.0284 5
2.0292 5
2.03 5
2.0308 5
2.0316 5
2.0324 5
2.0332 5
2.034 5
2.0348 5
2.0356 5
2.0364 5
2.0372 5
2.038 5
2.0388 5
2.0396 5
2.0404 5
2.0412 5
2.042 5
2.0428 5
2.0436 5
2.0444 5
2.0452 5
2.046 5
2.0468 5
2.0476 5
2.0484 5
2.0492 5
2.05 5
2.0508 5
2.0516 5
2.0524 4
2.0532 4
2.054 4
2.0548 4
2.0556 4
2.0564 4
2.0572 1
2.058 1
2.0588 1
2.0596 1
2.0604 1
2.0612 1
2.062 2
2.0628 2
2.0636 2
2.0644 2
2.0652 2
2.066 2
2.0668 2
2.0676 2
2.0684 2
2.0692 2
2.07 2
2.0708 2
2.0716 2
2.0724 2
2.0732 2
2.074 2
2.0748 2
2.0756 2
2.0764 2
2.0772 2
2.078 2
2.0788 2
2.0796 2
2.0804 2
2.0812 2
2.082 2
2.0828 2
2.0836 2
2.0844 2
2.0852 2
2.086 2
2.0868 5
2.0876 5
2.0884 5
2.0892 5
2.09 5
2.0908 5
2.0916 5
2.0924 5
2.0932 5
2.094 5
2.0948 5
2.0956 5
2.0964 5
2.0972 5
2.098 5
2.0988 5
2.0996 5
2.1004 5
2.1012 5
2.102 5
2.1028 5
2.1036 5
2.1044 5
2.1052 5
2.106 5
2.1068 5
2.1076 5
2.1084 5
2.1092 5
2.11 5
2.1108 5
2.1116 5
2.1124 5
2.1132 5
2.114 5
2.1148 5
2.1156 5
2.1164 5
2.1172 5
2.118 5
2.1188 5
2.1196 5
2.1204 5
2.1212 5
2.122 5
2.1228 5
2.1236 5
2.1244 5
2.1252 5
2.126 5
2.1268 5
2.1276 4
2.1284 4
2.1292 4
2.13 4
2.1308 4
2.1316 4
2.1324 1
2.1332 1
2.134 1
2.1348 1
2.1356 1
2.1364 1
2.1372 2
2.138 2
2.1388 2
2.1396 2
2.1404 2
2.1412 2
2.142 2
2.1428 2
2.1436 2
2.1444 2
2.1452 2
2.146 2
2.1468 2
2.1476 2
2.1484 2
2.1492 2
2.15 2
2.1508 2
2.1516 2
2.1524 2
2.1532 2
2.154 2
2.1548 2
2.1556 2
2.1564 2
2.1572 2
2.158 2
2.1588 2
2.1596 2
2.1604 2
2.1612 2
2.162 2
2.1628 5
2.1636 5
2.1644 5
2.1652 5
2.166 5
2.1668 5
2.1676 5
2.1684 5
2.1692 5
2.17 5
2.1708 5
2.1716 5
2.1724 5
2.1732 5
2.174 5
2.1748 5
2.1756 5
2.1764 5
2.1772 5
2.178 5
2.1788 5
2.1796 5
2.1804 5
2.1812 5
2.182 5
2.1828 5
2.1836 5
2.1844 5
2.1852 5
2.186 5
2.1868 5
2.1876 5
2.1884 5
2.1892 5
2.19 5
2.1908 5
2.1916 5
2.1924 5
2.1932 5
2.194 5
2.1948 5
2.1956 5
2.1964 5
2.1972 5
2.198 5
2.1988 5
2.1996 5
2.2004 5
2.2012 5
2.202 5
2.2028 5
2.2036 5
2.2044 4
2.2052 4
2.206 4
2.2068 4
2.2076 4
2.2084 4
2.2092 1
2.21 1
2.2108 1
2.2116 1
2.2124 1
2.2132 1
2.214 2
2.2148 2
2.2156 2
2.2164 2
2.2172 2
2.218 2
2.2188 2
2.2196 2
2.2204 2
2.2212 2
2.222 2
2.2228 2
2.2236 2
2.2244 2
2.2252 2
2.226 2
2.2268 2
2.2276 2
2.2284 2
2.2292 2
2.23 2
2.2308 2
2.2316 2
2.2324 2
2.2332 2
2.234 2
2.2348 2
2.2356 2
2.2364 2
2.2372 2
2.238 2
2.2388 2
2.2396 2
2.2404 5
2.2412 5
2.242 5
2.2428 5
2.2436 5
2.2444 5
2.2452 5
2.246 5
2.2468 5
2.2476 5
2.2484 5
2.2492 5
2.25 5
2.2508 5
2.2516 5
2.2524 5
2.2532 5
2.254 5
2.2548 5
2.2556 5
2.2564 5
2.2572 5
2.258 5
2.2588 5
2.2596 5
2.2604 5
2.2612 5
2.262 5
2.2628 5
2.2636 5
2.2644 5
2.2652 5
2.266 5
2.2668 5
2.2676 5
2.2684 5
2.2692 5
2.27 5
2.2708 5
2.2716 5
2.2724 5
2.2732 5
2.274 5
2.2748 5
2.2756 5
2.2764 5
2.2772 5
2.278 5
2.2788 5
2.2796 5
2.2804 5
2.2812 5
2.282 5
2.2828 4
2.2836 4
2.2844 4
2.2852 4
2.286 4
2.2868 4
2.2876 1
2.2884 1
2.2892 1
2.29 1
2.2908 1
2.2916 1
2.2924 2
2.2932 2
2.294 2
2.2948 2
2.2956 2
2.2964 2
2.2972 2
2.298 2
2.2988 2
2.2996 2
2.3004 2
2.3012 2
2.302 2
2.3028 2
2.3036 2
2.3044 2
2.3052 2
2.306 2
2.3068 2
2.3076 2
2.3084 2
2.3092 2
2.31 2
2.3108 2
2.3116 2
2.3124 2
2.3132 2
2.314 2
2.3148 2
2.3156 2
2.3164 2
2.3172 2
2.318 2
2.3188 2
2.3196 5
2.3204 5
2.3212 5
2.322 5
2.3228 5
2.3236 5
2.3244 5
2.3252 5
2.326 5
2.3268 5
2.3276 5
2.3284 5
2.3292 5
2.33 5
2.3308 5
2.3316 5
2.3324 5
2.3332 5
2.334 5
2.3348 5
2.3356 5
2.3364 5
2.3372 5
2.338 5
2.3388 5
2.3396 5
2.3404 5
2.3412 5
2.342 5
2.3428 5
2.3436 5
2.3444 5
2.3452 5
2.346 5
2.3468 5
2.3476 5
2.3484 5
2.3492 5
2.3492008 5
2.3500008 4
2.3508008 4
2.3516008 4
2.3524008 4
2.3532008 4
2.3540008 4
2.3548008 1
2.3556008 1
2.3564008 1
2.3572008 1
2.3580008 1
2.3588008 1
2.3596008 2
2.3604008 2
2.3612008 2
2.3620008 2
2.3628008 2
2.3636008 2
2.3644008 2
2.3652008 2
2.3660008 2
2.3668008 2
2.3676008 2
2.3684008 2
2.3692008 2
2.3700008 2
2.3708008 2
2.3716008 2
2.3724008 2
2.3732008 2
2.3740008 2
2.3748008 2
2.3756008 2
2.3764008 2
2.3772008 2
2.3780008 2
2.3788008 2
2.3796008 2
2.3804008 2
2.3812008 2
2.3820008 2
2.3828008 2
2.3836008 2
2.3844008 2
2.3852008 2
2.3860008 2
2.3868008 2
2.3876008 4
2.3884008 4
2.3892008 4
2.3900008 4
2.3908008 4
2.3916008 4
2.3924008 1
2.3932008 1
2.3940008 1
2.3948008 1
2.3956008 1
2.3964008 1
2.3972008 2
2.3980008 2
2.3988008 2
2.3996008 2
2.4004008 2
2.4012008 2
2.4020008 2
2.4028008 2
2.4036008 2
2.4044008 2
2.4052008 2
2.4060008 2
2.4068008 2
2.4076008 2
2.4084008 2
2.4092008 2
2.4100008 2
2.4108008 2
2.4116008 2
2.4124008 2
2.4132008 2
2.4140008 2
2.4148008 2
2.4156008 2
2.4164008 2
2.4172008 2
2.4180008 2
2.4188008 2
2.4196008 2
2.4204008 2
2.4212008 2
2.4220008 2
2.4228008 2
2.4236008 2
2.4244008 2
2.4252008 2
2.4260008 4
2.4268008 4
2.4276008 4
2.4284008 4
2.4292008 4
2.4300008 4
2.4308008 1
2.4316008 1
2.4324008 1
2.4332008 1
2.4340008 1
2.4348008 1
2.4356008 2
2.4364008 2
2.4372008 2
2.4380008 2
2.4388008 2
2.4396008 2
2.4404008 2
2.4412008 2
2.4420008 2
2.4428008 2
2.4436008 2
2.4444008 2
2.4452008 2
2.4460008 2
2.4468008 2
2.4476008 2
2.4484008 2
2.4492008 2
2.4500008 2
2.4508008 2
2.4516008 2
2.4524008 2
2.4532008 2
2.4540008 2
2.4548008 2
2.4556008 2
2.4564008 2
2.4572008 2
2.4580008 2
2.4588008 2
2.4596008 2
2.4604008 2
2.4612008 2
2.4620008 2
2.4628008 2
2.4636008 2
2.4644008 4
2.4652008 4
2.4660008 4
2.4668008 4
2.4676008 4
2.4684008 4
2.4692008 1
2.4700008 1
2.4708008 1
2.4716008 1
2.4724008 1
2.4732008 1
2.4740008 2
2.4748008 2
2.4756008 2
2.4764008 2
2.4772008 2
2.4780008 2
2.4788008 2
2.4796008 2
2.4804008 2
2.4812008 2
2.4820008 2
2.4828008 2
2.4836008 2
2.4844008 2
2.4852008 2
2.4860008 2
2.4868008 2
2.4876008 2
2.4884008 2
2.4892008 2
2.4900008 2
2.4908008 2
2.4916008 2
2.4924008 2
2.4932008 2
2.4940008 2
2.4948008 2
2.4956008 2
2.4964008 2
2.4972008 2
2.4980008 2
2.4988008 2
2.4996008 2
2.5004008 2
2.5012008 2
2.5020008 2
2.5028008 2
2.5036008 4
2.5044008 4
2.5052008 4
2.5060008 4
2.5068008 4
2.5076008 4
2.5084008 1
2.5092008 1
2.5100008 1
2.5108008 1
2.5116008 1
2.5124008 1
2.5132008 2
2.5140008 2
2.5148008 2
2.5156008 2
2.5164008 2
2.5172008 2
2.5180008 2
2.5188008 2
2.5196008 2
2.5204008 2
2.5212008 2
2.5220008 2
2.5228008 2
2.5236008 2
2.5244008 2
2.5252008 2
2.5260008 2
2.5268008 2
2.5276008 2
2.5284008 2
2.5292008 2
2.5300008 2
2.5308008 2
2.5316008 2
2.5324008 2
2.5332008 2
2.5340008 2
2.5348008 2
2.5356008 2
2.5364008 2
2.5372008 2
2.5380008 2
2.5388008 2
2.5396008 2
2.5404008 2
2.5412008 2
2.5420008 2
2.5428008 2
2.5436008 4
2.5444008 4
2.5452008 4
2.5460008 4
2.5468008 4
2.5476008 4
2.5484008 1
2.5492008 1
2.5500008 1
2.5508008 1
2.5516008 1
2.5524008 1
2.5532008 2
2.5540008 2
2.5548008 2
2.5556008 2
2.5564008 2
2.5572008 2
2.5580008 2
2.5588008 2
2.5596008 2
2.5604008 2
2.5612008 2
2.5620008 2
2.5628008 2
2.5636008 2
2.5644008 2
2.5652008 2
2.5660008 2
2.5668008 2
2.5676008 2
2.5684008 2
2.5692008 2
2.5700008 2
2.5708008 2
2.5716008 2
2.5724008 2
2.5732008 2
2.5740008 2
2.5748008 2
2.5756008 2
2.5764008 2
2.5772008 2
2.5780008 2
2.5788008 2
2.5796008 2
2.5804008 2
2.5812008 2
2.5820008 2
2.5828008 2
2.5836008 2
2.5844008 4
2.5852008 4
2.5860008 4
2.5868008 4
2.5876008 4
2.5884008 4
2.5892008 1
2.5900008 1
2.5908008 1
2.5916008 1
2.5924008 1
2.5932008 1
2.5940008 2
2.5948008 2
2.5956008 2
2.5964008 2
2.5972008 2
2.5980008 2
2.5988008 2
2.5996008 2
2.6004008 2
2.6012008 2
2.6020008 2
2.6028008 2
2.6036008 2
2.6044008 2
2.6052008 2
2.6060008 2
2.6068008 2
2.6076008 2
2.6084008 2
2.6092008 2
2.6100008 2
2.6108008 2
2.6116008 2
2.6124008 2
2.6132008 2
2.6140008 2
2.6148008 2
2.6156008 2
2.6164008 2
2.6172008 2
2.6180008 2
2.6188008 2
2.6196008 2
2.6204008 2
2.6212008 2
2.6220008 2
2.6228008 2
2.6236008 2
2.6244008 2
2.6252008 2
2.6260008 4
2.6268008 4
2.6276008 4
2.6284008 4
2.6292008 4
2.6300008 4
2.6308008 1
2.6316008 1
2.6324008 1
2.6332008 1
2.6340008 1
2.6348008 1
2.6356008 2
2.6364008 2
2.6372008 2
2.6380008 2
2.6388008 2
2.6396008 2
2.6404008 2
2.6412008 2
2.6420008 2
2.6428008 2
2.6436008 2
2.6444008 2
2.6452008 2
2.6460008 2
2.6468008 2
2.6476008 2
2.6484008 2
2.6492008 2
2.6500008 2
2.6508008 2
2.6516008 2
2.6524008 2
2.6532008 2
2.6540008 2
2.6548008 2
2.6556008 2
2.6564008 2
2.6572008 2
2.6580008 2
2.6588008 2
2.6596008 2
2.6604008 2
2.6612008 2
2.6620008 2
2.6628008 2
2.6636008 2
2.6644008 2
2.6652008 2
2.6660008 2
2.6668008 2
2.6676008 2
2.6684008 4
2.6692008 4
2.6700008 4
2.6708008 4
2.6716008 4
2.6724008 4
2.6732008 1
2.6740008 1
2.6748008 1
2.6756008 1
2.6764008 1
2.6772008 1
2.6780008 2
2.6788008 2
2.6796008 2
2.6804008 2
2.6812008 2
2.6820008 2
2.6828008 2
2.6836008 2
2.6844008 2
2.6852008 2
2.6860008 2
2.6868008 2
2.6876008 2
2.6884008 2
2.6892008 2
2.6900008 2
2.6908008 2
2.6916008 2
2.6924008 2
2.6932008 2
2.6940008 2
2.6948008 2
2.6956008 2
2.6964008 2
2.6972008 2
2.6980008 2
2.6988008 2
2.6996008 2
2.7004008 2
2.7012008 2
2.7020008 2
2.7028008 2
2.7036008 2
2.7044008 2
2.7052008 2
2.7060008 2
2.7068008 2
2.7076008 2
2.7084008 2
2.7092008 2
2.7100008 2
2.7108008 2
2.7116008 4
2.7124008 4
2.7132008 4
2.7140008 4
2.7148008 4
2.7156008 4
2.7164008 1
2.7172008 1
2.7180008 1
2.7188008 1
2.7196008 1
2.7204008 1
2.7212008 2
2.7220008 2
2.7228008 2
2.7236008 2
2.7244008 2
2.7252008 2
2.7260008 2
2.7268008 2
2.7276008 2
2.7284008 2
2.7292008 2
2.7300008 2
2.7308008 2
2.7316008 2
2.7324008 2
2.7332008 2
2.7340008 2
2.7348008 2
2.7356008 2
2.7364008 2
2.7372008 2
2.7380008 2
2.7388008 2
2.7396008 2
2.7404008 2
2.7412008 2
2.7420008 2
2.7428008 2
2.7436008 2
2.7444008 2
2.7452008 2
2.7460008 2
2.7468008 2
2.7476008 2
2.7484008 2
2.7492008 2
2.7500008 2
2.7508008 2
2.7516008 2
2.7524008 2
2.7532008 2
2.7540008 2
2.7548008 2
2.7556008 4
2.7564008 4
2.7572008 4
2.7580008 4
2.7588008 4
2.7596008 4
2.7604008 1
2.7612008 1
2.7620008 1
2.7628008 1
2.7636008 1
2.7644008 1
2.7652008 2
2.7660008 2
2.7668008 2
2.7676008 2
2.7684008 2
2.7684016 2
2.7780008 4
2.7788008 4
2.7796008 4
2.7804008 4
2.7812008 4
2.7820008 4
2.7828008 1
2.7836008 1
2.7844008 1
2.7852008 1
2.7860008 1
2.7868008 1
2.8004008 4
2.8012008 4
2.8020008 4
2.8028008 4
2.8036008 4
2.8044008 4
2.8052008 1
2.8060008 1
2.8068008 1
2.8076008 1
2.8084008 1
2.8092008 1
2.8228008 4
2.8236008 4
2.8244008 4
2.8252008 4
2.8260008 4
2.8268008 4
2.8276008 1
2.8284008 1
2.8292008 1
2.8300008 1
2.8308008 1
2.8316008 1
2.8452008 4
2.8460008 4
2.8468008 4
2.8476008 4
2.8484008 4
2.8492008 4
2.8500008 1
2.8508008 1
2.8516008 1
2.8524008 1
2.8532008 1
2.8540008 1
2.8676008 4
2.8684008 4
2.8692008 4
2.8700008 4
2.8708008 4
2.8716008 4
2.8724008 1
2.8732008 1
2.8740008 1
2.8748008 1
2.8756008 1
2.8764008 1
2.8900008 4
2.8908008 4
2.8916008 4
2.8924008 4
2.8932008 4
2.8940008 4
2.8948008 1
2.8956008 1
2.8964008 1
2.8972008 1
2.8980008 1
2.8988008 1
2.9124008 4
2.9132008 4
2.9140008 4
2.9148008 4
2.9156008 4
2.9164008 4
2.9172008 1
2.9180008 1
2.9188008 1
2.9196008 1
2.9204008 1
2.9212008 1
2.9348008 4
2.9356008 4
2.9364008 4
2.9372008 4
2.9380008 4
2.9388008 4
2.9396008 1
2.9404008 1
2.9412008 1
2.9420008 1
2.9428008 1
2.9436008 1
2.9572008 4
2.9580008 4
2.9588008 4
2.9596008 4
2.9604008 4
2.9612008 4
2.9620008 1
2.9628008 1
2.9636008 1
2.9644008 1
2.9652008 1
2.9660008 1
2.9796008 4
2.9804008 4
2.9812008 4
2.9820008 4
2.9828008 4
2.9836008 4
2.9844008 1
2.9852008 1
2.9860008 1
2.9868008 1
2.9876008 1
2.9884008 1
3.0020008 4
3.0028008 4
3.0036008 4
3.0044008 4
3.0052008 4
3.0060008 4
3.0068008 1
3.0076008 1
3.0084008 1
3.0092008 1
3.0100008 1
3.0108008 1
3.0244008 4
3.0252008 4
3.0260008 4
3.0268008 4
3.0276008 4
3.0284008 4
3.0292008 1
3.0300008 1
3.0308008 1
3.0316008 1
3.0324008 1
3.0332008 1
3.0468008 4
3.0476008 4
3.0484008 4
3.0492008 4
3.0500008 4
3.0508008 4
3.0516008 1
3.0524008 1
3.0532008 1
3.0540008 1
3.0548008 1
3.0556008 1
3.0692008 4
3.0700008 4
3.0708008 4
3.0716008 4
3.0724008 4
3.0732008 4
3.0740008 1
3.0748008 1
3.0756008 1
3.0764008 1
3.0772008 1
3.0780008 1
3.0916008 4
3.0924008 4
3.0932008 4
3.0940008 4
3.0948008 4
3.0956008 4
3.0964008 1
3.0972008 1
3.0980008 1
3.0988008 1
3.0996008 1
3.1004008 1
3.1140008 4
3.1148008 4
3.1156008 4
3.1164008 4
3.1172008 4
3.1180008 4
3.1188008 1
3.1196008 1
3.1204008 1
3.1212008 1
3.1220008 1
3.1228008 1
3.1364008 4
3.1372008 4
3.1380008 4
3.1388008 4
3.1396008 4
3.1404008 4
3.1412008 1
3.1420008 1
3.1428008 1
3.1436008 1
3.1444008 1
3.1452008 1
3.1588008 4
3.1596008 4
3.1604008 4
3.1612008 4
3.1620008 4
3.1628008 4
3.1636008 1
3.1644008 1
3.1652008 1
3.1660008 1
3.1668008 1
3.1676008 1
3.1812008 4
3.1820008 4
3.1828008 4
3.1836008 4
3.1844008 4
3.1852008 4
3.1860008 1
3.1868008 1
3.1876008 1
3.1884008 1
3.1892008 1
3.1900008 1
3.2036008 4
3.2044008 4
3.2052008 4
3.2060008 4
3.2068008 4
3.2076008 4
3.2084008 1
3.2092008 1
3.2100008 1
3.2108008 1
3.2116008 3
3.2124008 1
3.2132008 1
3.2260008 4
3.2268008 4
3.2276008 4
3.2284008 4
3.2292008 4
3.2300008 4
3.2308008 1
3.2316008 1
3.2324008 1
3.2332008 3
3.2340008 3
3.2348008 1
3.2356008 1
3.2364008 1
3.2484008 4
3.2492008 4
3.2500008 4
3.2508008 4
3.2516008 4
3.2524008 4
3.2532008 1
3.2540008 3
3.2548008 3
3.2556008 3
3.2564008 1
3.2572008 1
3.2580008 1
3.2588008 1
3.2596008 1
3.2708008 4
3.2716008 4
3.2724008 4
3.2732008 4
3.2740008 4
3.2748008 4
3.2756008 3
3.2764008 3
3.2772008 3
3.2780008 1
3.2788008 1
3.2796008 1
3.2804008 1
3.2812008 1
3.2820008 1
3.2932008 4
3.2940008 4
3.2948008 4
3.2956008 4
3.2964008 4
3.2972008 4
3.2980008 3
3.2988008 3
3.2996008 3
3.3004008 3
3.3012008 1
3.3020008 1
3.3028008 1
3.3036008 1
3.3044008 1
3.3052008 1
3.3156008 4
3.3164008 4
3.3172008 4
3.3180008 4
3.3188008 4
3.3196008 4
3.3204008 3
3.3212008 3
3.3220008 3
3.3228008 3
3.3236008 3
3.3244008 1
3.3252008 1
3.3260008 1
3.3268008 1
3.3276008 1
3.3284008 1
3.3380008 4
3.3388008 4
3.3396008 4
3.3404008 4
3.3412008 4
3.3420008 4
3.3428008 3
3.3436008 3
3.3444008 3
3.3452008 3
3.3460008 3
3.3468008 3
3.3476008 1
3.3484008 1
3.3492008 1
3.3500008 1
3.3508008 1
3.3516008 1
3.3604008 4
3.3612008 4
3.3620008 4
3.3628008 4
3.3636008 4
3.3644008 4
3.3652008 3
3.3660008 3
3.3668008 3
3.3676008 3
3.3684008 3
3.3692008 3
3.3700008 3
3.3708008 1
3.3716008 1
3.3724008 1
3.3732008 1
3.3740008 1
3.3748008 1
3.3828008 4
3.3836008 4
3.3844008 4
3.3852008 4
3.3860008 4
3.3868008 4
3.3876008 3
3.3884008 3
3.3892008 3
3.3900008 3
3.3908008 3
3.3916008 3
3.3924008 3
3.3932008 3
3.3940008 1
3.3948008 1
3.3956008 1
3.3964008 1
3.3972008 1
3.3980008 1
3.4052008 4
3.4060008 4
3.4068008 4
3.4076008 4
3.4084008 4
3.4092008 4
3.4100008 3
3.4108008 3
3.4116008 3
3.4124008 3
3.4132008 3
3.4140008 3
3.4148008 3
3.4156008 3
3.4164008 3
3.4172008 1
3.4180008 1
3.4188008 1
3.4196008 1
3.4204008 1
3.4212008 1
3.4276008 4
3.4284008 4
3.4292008 4
3.4300008 4
3.4308008 4
3.4316008 4
3.4324008 3
3.4332008 3
3.4340008 3
3.4348008 3
3.4356008 3
3.4364008 3
3.4372008 3
3.4380008 3
3.4388008 3
3.4396008 3
3.4404008 1
3.4412008 1
3.4420008 1
3.4428008 1
3.4436008 1
3.4444008 1
3.4500008 4
3.4508008 4
3.4516008 4
3.4524008 4
3.4532008 4
3.4540008 4
3.4548008 3
3.4556008 3
3.4564008 3
3.4572008 3
3.4580008 3
3.4588008 3
3.4596008 3
3.4604008 3
3.4612008 3
3.4620008 3
3.4628008 3
3.4636008 1
3.4644008 1
3.4652008 1
3.4660008 1
3.4668008 1
3.4676008 1
3.4724008 4
3.4732008 4
3.4740008 4
3.4748008 4
3.4756008 4
3.4764008 4
3.4772008 3
3.4780008 3
3.4788008 3
3.4796008 3
3.4804008 3
3.4812008 3
3.4820008 3
3.4828008 3
3.4836008 3
3.4844008 3
3.4852008 3
3.4860008 3
3.4868008 1
3.4876008 1
3.4884008 1
3.4892008 1
3.4900008 1
3.4908008 1
3.4948008 4
3.4956008 4
3.4964008 4
3.4972008 4
3.4980008 4
3.4988008 4
3.4996008 3
3.5004008 3
3.5012008 3
3.5020008 3
3.5028008 3
3.5036008 3
3.5044008 3
3.5052008 3
3.5060008 3
3.5068008 3
3.5076008 3
3.5084008 3
3.5092008 3
3.5100008 1
3.5108008 1
3.5116008 1
3.5124008 1
3.5132008 1
3.5140008 1
3.5172008 4
3.5180008 4
3.5188008 4
3.5196008 4
3.5204008 4
3.5212008 4
3.5220008 3
3.5228008 3
3.5236008 3
3.5244008 3
3.5252008 3
3.5260008 3
3.5268008 3
3.5276008 3
3.5284008 3
3.5292008 3
3.5300008 3
3.5308008 3
3.5316008 3
3.5324008 3
3.5332008 1
3.5340008 1
3.5348008 1
3.5356008 1
3.5364008 1
3.5372008 1
3.5396008 4
3.5404008 4
3.5412008 4
3.5420008 4
3.5428008 4
3.5436008 4
3.5444008 3
3.5452008 3
3.5460008 3
3.5468008 3
3.5476008 3
3.5484008 3
3.5492008 3
3.5500008 3
3.5508008 3
3.5516008 3
3.5524008 3
3.5532008 3
3.5540008 3
3.5548008 3
3.5556008 3
3.5564008 1
3.5572008 1
3.5580008 1
3.5588008 1
3.5596008 1
3.5604008 1
3.5620008 4
3.5628008 4
3.5636008 4
3.5644008 4
3.5652008 4
3.5660008 4
3.5668008 3
3.5676008 3
3.5684008 3
3.5692008 3
3.5700008 3
3.5708008 3
3.5716008 3
3.5724008 3
3.5732008 3
3.5740008 3
3.5748008 3
3.5756008 3
3.5764008 3
3.5772008 3
3.5780008 3
3.5788008 3
3.5796008 1
3.5804008 1
3.5812008 1
3.5820008 1
3.5828008 1
3.5836008 1
3.5844008 4
3.5852008 4
3.5860008 4
3.5868008 4
3.5876008 4
3.5884008 4
3.5892008 3
3.5900008 3
3.5908008 3
3.5916008 3
3.5924008 3
3.5932008 3
3.5940008 3
3.5948008 3
3.5956008 3
3.5964008 3
3.5972008 3
3.5980008 3
3.5988008 3
3.5996008 3
3.6004008 3
3.6012008 3
3.6020008 3
3.6028008 1
3.6036008 1
3.6044008 1
3.6052008 1
3.6060008 1
3.6068008 1
3.6076008 4
3.6084008 4
3.6092008 4
3.6100008 4
3.6108008 4
3.6116008 4
3.6124008 3
3.6132008 3
3.6140008 3
3.6148008 3
3.6156008 3
3.6164008 3
3.6172008 3
3.6180008 3
3.6188008 3
3.6196008 3
3.6204008 3
3.6212008 3
3.6220008 3
3.6228008 3
3.6236008 3
3.6244008 3
3.6252008 3
3.6260008 3
3.6268008 1
3.6276008 1
3.6284008 1
3.6292008 1
3.6300008 1
3.6308008 1
3.6316008 4
3.6324008 4
3.6332008 4
3.6340008 4
3.6348008 4
3.6356008 4
3.6364008 3
3.6372008 3
3.6380008 3
3.6388008 3
3.6396008 3
3.6404008 3
3.6412008 3
3.6420008 3
3.6428008 3
3.6436008 3
3.6444008 3
3.6452008 3
3.6460008 3
3.6468008 3
3.6476008 3
3.6484008 3
3.6492008 3
3.6500008 3
3.6508008 3
3.6516008 1
3.6524008 1
3.6532008 1
3.6540008 1
3.6548008 1
3.6556008 1
3.6564008 4
3.6572008 4
3.6580008 4
3.6588008 4
3.6596008 4
3.6604008 4
3.6612008 3
3.6620008 3
3.6628008 3
3.6636008 3
3.6644008 3
3.6652008 3
3.6660008 3
3.6668008 3
3.6676008 3
3.6684008 3
3.6692008 3
3.6700008 3
3.6708008 3
3.6716008 3
3.6724008 3
3.6732008 3
3.6740008 3
3.6748008 3
3.6756008 3
3.6764008 3
3.6772008 1
3.6780008 1
3.6788008 1
3.6796008 1
3.6804008 1
3.6812008 1
3.6820008 4
3.6828008 4
3.6836008 4
3.6844008 4
3.6852008 4
3.6860008 4
3.6868008 3
3.6876008 3
3.6884008 3
3.6892008 3
3.6900008 3
3.6908008 3
3.6916008 3
3.6924008 3
3.6932008 3
3.6940008 3
3.6948008 3
3.6956008 3
3.6964008 3
3.6972008 3
3.6980008 3
3.6988008 3
3.6996008 3
3.7004008 3
3.7012008 3
3.7020008 3
3.7028008 3
3.7036008 1
3.7044008 1
3.7052008 1
3.7060008 1
3.7068008 1
3.7076008 1
3.7084008 4
3.7092008 4
3.7100008 4
3.7108008 4
3.7116008 4
3.7124008 4
3.7132008 3
3.7140008 3
3.7148008 3
3.7156008 3
3.7164008 3
3.7172008 3
3.7180008 3
3.7188008 3
3.7196008 3
3.7204008 3
3.7212008 3
3.7220008 3
3.7228008 3
3.7236008 3
3.7244008 3
3.7252008 3
3.7260008 3
3.7268008 3
3.7276008 3
3.7284008 3
3.7292008 3
3.7300008 3
3.7308008 1
3.7316008 1
3.7324008 1
3.7332008 1
3.7340008 1
3.7348008 1
3.7356008 4
3.7364008 4
3.7372008 4
3.7380008 4
3.7388008 4
3.7396008 4
3.7404008 3
3.7412008 3
3.7420008 3
3.7428008 3
3.7436008 3
3.7444008 3
3.7452008 3
3.7460008 3
3.7468008 3
3.7476008 3
3.7484008 3
3.7492008 3
3.7500008 3
3.7508008 3
3.7516008 3
3.7524008 3
3.7532008 3
3.7540008 3
3.7548008 3
3.7556008 3
3.7564008 3
3.7572008 3
3.7580008 3
3.7588008 1
3.7596008 1
3.7604008 1
3.7612008 1
3.7620008 1
3.7628008 1
3.7636008 4
3.7644008 4
3.7652008 4
3.7660008 4
3.7668008 4
3.7676008 4
3.7684008 3
3.7692008 3
3.7700008 3
3.7708008 3
3.7716008 3
3.7724008 3
3.7732008 3
3.7740008 3
3.7748008 3
3.7756008 3
3.7764008 3
3.7772008 3
3.7780008 3
3.7788008 3
3.7796008 3
3.7804008 3
3.7812008 3
3.7820008 3
3.7828008 3
3.7836008 3
3.7844008 3
3.7852008 3
3.7860008 3
3.7868008 3
3.7876008 1
3.7884008 1
3.7892008 1
3.7900008 1
3.7908008 1
3.7916008 1
3.7924008 4
3.7932008 4
3.7940008 4
3.7948008 4
3.7956008 4
3.7964008 4
3.7972008 3
3.7980008 3
3.7988008 3
3.7996008 3
3.8004008 3
3.8012008 3
3.8020008 3
3.8028008 3
3.8036008 3
3.8044008 3
3.8052008 3
3.8060008 3
3.8068008 3
3.8076008 3
3.8084008 3
3.8092008 3
3.8100008 3
3.8108008 3
3.8116008 3
3.8124008 3
3.8132008 3
3.8140008 3
3.8148008 3
3.8156008 3
3.8164008 3
3.8172008 1
3.8180008 1
3.8188008 1
3.8196008 1
3.8204008 1
3.8212008 1
3.8220008 4
3.8228008 4
3.8236008 4
3.8244008 4
3.8252008 4
3.8260008 4
3.8268008 3
3.8276008 3
3.8284008 3
3.8292008 3
3.8300008 3
3.8308008 3
3.8316008 3
3.8324008 3
3.8332008 3
3.8340008 3
3.8348008 3
3.8356008 3
3.8364008 3
3.8372008 3
3.8380008 3
3.8388008 3
3.8396008 3
3.8404008 3
3.8412008 3
3.8420008 3
3.8428008 3
3.8436008 3
3.8444008 3
3.8452008 3
3.8460008 3
3.8468008 3
3.8476008 1
3.8484008 1
3.8492008 1
3.8500008 1
3.8508008 1
3.8516008 1
3.8524008 4
3.8532008 4
3.8540008 4
3.8548008 4
3.8556008 4
3.8564008 4
3.8572008 3
3.8580008 3
3.8588008 3
3.8596008 3
3.8604008 3
3.8612008 3
3.8620008 3
3.8628008 3
3.8636008 3
3.8644008 3
3.8652008 3
3.8660008 3
3.8668008 3
3.8676008 3
3.8684008 3
3.8692008 3
3.8700008 3
3.8708008 3
3.8716008 3
3.8724008 3
3.8732008 3
3.8740008 3
3.8748008 3
3.8756008 3
3.8764008 3
3.8772008 3
3.8780008 3
3.8788008 1
3.8796008 1
3.8804008 1
3.8812008 1
3.8820008 1
3.8828008 1
3.8836008 4
3.8844008 4
3.8852008 4
3.8860008 4
3.8868008 4
3.8876008 4
3.8884008 3
3.8892008 3
3.8900008 3
3.8908008 3
3.8916008 3
3.8924008 3
3.8932008 3
3.8940008 3
3.8948008 3
3.8956008 3
3.8964008 3
3.8972008 3
3.8980008 3
3.8988008 3
3.8996008 3
3.9004008 3
3.9012008 3
3.9020008 3
3.9028008 3
3.9036008 3
3.9044008 3
3.9052008 3
3.9060008 3
3.9068008 3
3.9076008 3
3.9084008 3
3.9092008 3
3.9100008 3
3.9108008 1
3.9116008 1
3.9124008 1
3.9132008 1
3.9140008 1
3.9148008 1
3.9156008 4
3.9164008 4
3.9172008 4
3.9180008 4
3.9188008 4
3.9196008 4
3.9204008 3
3.9212008 3
3.9220008 3
3.9228008 3
3.9236008 3
3.9244008 3
3.9252008 3
3.9260008 3
3.9268008 3
3.9276008 3
3.9284008 3
3.9292008 3
3.9300008 3
3.9308008 3
3.9316008 3
3.9324008 3
3.9332008 3
3.9340008 3
3.9348008 3
3.9356008 3
3.9364008 3
3.9372008 3
3.9380008 3
3.9388008 3
3.9396008 3
3.9404008 3
3.9412008 3
3.9420008 3
3.9428008 3
3.9436008 1
3.9444008 1
3.9452008 1
3.9460008 1
3.9468008 1
3.9476008 1
3.9484008 4
3.9492008 4
3.9500008 4
3.9508008 4
3.9516008 4
3.9524008 4
3.9532008 3
3.9540008 3
3.9548008 3
3.9556008 3
3.9564008 3
3.9572008 3
3.9580008 3
3.9588008 3
3.9596008 3
3.9604008 3
3.9612008 3
3.9620008 3
3.9628008 3
3.9636008 3
3.9644008 3
3.9652008 3
3.9660008 3
3.9668008 3
3.9676008 3
3.9684008 3
3.9692008 3
3.9700008 3
3.9708008 3
3.9716008 3
3.9724008 3
3.9732008 3
3.9740008 3
3.9748008 3
3.9756008 3
3.9764008 3
3.9772008 1
3.9780008 1
3.9788008 1
3.9796008 1
3.9804008 1
3.9812008 1
3.9820008 4
3.9828008 4
3.9836008 4
3.9844008 4
3.9852008 4
3.9860008 4
3.9868008 3
3.9876008 3
3.9884008 3
3.9892008 3
3.9900008 3
3.9908008 3
3.9916008 3
3.9924008 3
3.9932008 3
3.9940008 3
3.9948008 3
3.9956008 3
3.9964008 3
3.9972008 3
3.9980008 3
3.9988008 3
3.9996008 3
4.0004008 3
4.0012008 3
4.0020008 3
4.0028008 3
4.0036008 3
4.0044008 3
4.0052008 3
4.0060008 3
4.0068008 3
4.0076008 3
4.0084008 3
4.0092008 3
4.0100008 3
4.0108008 3
4.0116008 1
4.0124008 1
4.0132008 1
4.0140008 1
4.0148008 1
4.0156008 1
4.0164008 4
4.0172008 4
4.0180008 4
4.0188008 4
4.0196008 4
4.0204008 4
4.0212008 3
4.0220008 3
4.0228008 3
4.0236008 3
4.0244008 3
4.0252008 3
4.0260008 3
4.0268008 3
4.0276008 3
4.0284008 3
4.0292008 3
4.0300008 3
4.0308008 3
4.0316008 3
4.0324008 3
4.0332008 3
4.0340008 3
4.0348008 3
4.0356008 3
4.0364008 3
4.0372008 3
4.0380008 3
4.0388008 3
4.0396008 3
4.0404008 3
4.0412008 3
4.0420008 3
4.0428008 3
4.0436008 3
4.0444008 3
4.0452008 3
4.0460008 3
4.0468008 1
4.0476008 1
4.0484008 1
4.0492008 1
4.0500008 1
4.0508008 1
4.0516008 4
4.0524008 4
4.0532008 4
4.0540008 4
4.0548008 4
4.0556008 4
4.0564008 3
4.0572008 3
4.0580008 3
4.0588008 3
4.0596008 3
4.0604008 3
4.0612008 3
4.0620008 3
4.0628008 3
4.0636008 3
4.0644008 3
4.0652008 3
4.0660008 3
4.0668008 3
4.0676008 3
4.0684008 3
4.0692008 3
4.0700008 3
4.0708008 3
4.0716008 3
4.0724008 3
4.0732008 3
4.0740008 3
4.0748008 3
4.0756008 3
4.0764008 3
4.0772008 3
4.0780008 3
4.0788008 3
4.0796008 3
4.0804008 3
4.0812008 3
4.0820008 1
4.0828008 1
4.0836008 1
4.0844008 1
4.0852008 1
4.0860008 1
4.0868008 4
4.0876008 4
4.0884008 4
4.0892008 4
4.0900008 4
4.0908008 4
4.0916008 3
4.0924008 3
4.0932008 3
4.0940008 3
4.0948008 3
4.0956008 3
4.0964008 3
4.0972008 3
4.0980008 3
4.0988008 3
4.0996008 3
4.1004008 3
4.1012008 3
4.1020008 3
4.1028008 3
4.1036008 3
4.1044008 3
4.1052008 3
4.1060008 3
4.1068008 3
4.1076008 3
4.1084008 3
4.1092008 3
4.1100008 3
4.1108008 3
4.1116008 3
4.1124008 3
4.1132008 3
4.1140008 3
4.1148008 3
4.1156008 3
4.1164008 3
4.1172008 3
4.1180008 1
4.1188008 1
4.1196008 1
4.1204008 1
4.1212008 1
4.1220008 1
4.1228008 4
4.1236008 4
4.1244008 4
4.1252008 4
4.1260008 4
4.1268008 4
4.1276008 3
4.1284008 3
4.1292008 3
4.1300008 3
4.1308008 3
4.1316008 3
4.1324008 3
4.1332008 3
4.1340008 3
4.1348008 3
4.1356008 3
4.1364008 3
4.1372008 3
4.1380008 3
4.1388008 3
4.1396008 3
4.1404008 3
4.1412008 3
4.1420008 3
4.1428008 3
4.1436008 3
4.1444008 3
4.1452008 3
4.1460008 3
4.1468008 3
4.1476008 3
4.1484008 3
4.1492008 3
4.1500008 3
4.1508008 3
4.1516008 3
4.1524008 3
4.1532008 3
4.1540008 3
4.1548008 1
4.1556008 1
4.1564008 1
4.1572008 1
4.1580008 1
4.1588008 1
4.1596008 4
4.1604008 4
4.1612008 4
4.1620008 4
4.1628008 4
4.1636008 4
4.1644008 3
4.1652008 3
4.1660008 3
4.1668008 3
4.1676008 3
4.1684008 3
4.1692008 3
4.1700008 3
4.1708008 3
4.1716008 3
4.1724008 3
4.1732008 3
4.1740008 3
4.1748008 3
4.1756008 3
4.1764008 3
4.1772008 3
4.1780008 3
4.1788008 3
4.1796008 3
4.1804008 3
4.1812008 3
4.1820008 3
4.1828008 3
4.1836008 3
4.1844008 3
4.1852008 3
4.1860008 3
4.1868008 3
4.1876008 3
4.1884008 3
4.1892008 3
4.1900008 3
4.1908008 3
4.1916008 3
4.1924008 1
4.1932008 1
4.1940008 1
4.1948008 1
4.1956008 1
4.1964008 1
4.1972008 4
4.1980008 4
4.1988008 4
4.1996008 4
4.2004008 4
4.2012008 4
4.2020008 3
4.2028008 3
4.2036008 3
4.2044008 3
4.2052008 3
4.2060008 3
4.2068008 3
4.2076008 3
4.2084008 3
4.2092008 3
4.2100008 3
4.2108008 3
4.2116008 3
4.2124008 3
4.2132008 3
4.2140008 3
4.2148008 3
4.2156008 3
4.2164008 3
4.2172008 3
4.2180008 3
4.2188008 3
4.2196008 3
4.2204008 3
4.2212008 3
4.2220008 3
4.2228008 3
4.2236008 3
4.2244008 3
4.2252008 3
4.2260008 3
4.2268008 3
4.2276008 3
4.2284008 3
4.2292008 3
4.2300008 3
4.2308008 1
4.2316008 1
4.2324008 1
4.2332008 1
4.2340008 1
4.2348008 1
4.2356008 4
4.2364008 4
4.2372008 4
4.2380008 4
4.2388008 4
4.2396008 4
4.2404008 3
4.2412008 3
4.2420008 3
4.2428008 3
4.2436008 3
4.2444008 3
4.2452008 3
4.2460008 3
4.2468008 3
4.2476008 3
4.2484008 3
4.2492008 3
4.2500008 3
4.2508008 3
4.2516008 3
4.2524008 3
4.2532008 3
4.2540008 3
4.2548008 3
4.2556008 3
4.2564008 3
4.2572008 3
4.2580008 3
4.2588008 3
4.2596008 3
4.2604008 3
4.2612008 3
4.2620008 3
4.2628008 3
4.2636008 3
4.2644008 3
4.2652008 3
4.2660008 3
4.2668008 3
4.2676008 3
4.2684008 3
4.2692008 3
4.2700008 1
4.2708008 1
4.2716008 1
4.2724008 1
4.2732008 1
4.2740008 1
4.2748008 4
4.2756008 4
4.2764008 4
4.2772008 4
4.2780008 4
4.2788008 4
4.2796008 3
4.2804008 3
4.2812008 3
4.2820008 3
4.2828008 3
4.2836008 3
4.2844008 3
4.2852008 3
4.2860008 3
4.2868008 3
4.2876008 3
4.2884008 3
4.2892008 3
4.2900008 3
4.2908008 3
4.2916008 3
4.2924008 3
4.2932008 3
4.2940008 3
4.2948008 3
4.2956008 3
4.2964008 3
4.2972008 3
4.2980008 3
4.2988008 3
4.2996008 3
4.3004008 3
4.3012008 3
4.3020008 3
4.3028008 3
4.3036008 3
4.3044008 3
4.3052008 3
4.3060008 3
4.3068008 3
4.3076008 3
4.3084008 3
4.3092008 3
4.3100008 1
4.3108008 1
4.3116008 1
4.3124008 1
4.3132008 1
4.3140008 1
4.3148008 4
4.3156008 4
4.3164008 4
4.3172008 4
4.3180008 4
4.3188008 4
4.3196008 3
4.3204008 3
4.3212008 3
4.3220008 3
4.3228008 3
4.3236008 3
4.3244008 3
4.3252008 3
4.3260008 3
4.3268008 3
4.3276008 3
4.3284008 3
4.3292008 3
4.3300008 3
4.3308008 3
4.3316008 3
4.3324008 3
4.3332008 3
4.3340008 3
4.3348008 3
4.3356008 3
4.3364008 3
4.3372008 3
4.3380008 3
4.3388008 3
4.3396008 3
4.3404008 3
4.3412008 3
4.3420008 3
4.3428008 3
4.3436008 3
4.3444008 3
4.3452008 3
4.3460008 3
4.3468008 3
4.3476008 3
4.3484008 3
4.3492008 3
4.3500008 3
4.3508008 1
4.3516008 1
4.3524008 1
4.3532008 1
4.3540008 1
4.3548008 1
4.3556008 4
4.3564008 4
4.3572008 4
4.3580008 4
4.3588008 4
4.3596008 4
4.3604008 3
4.3612008 3
4.3620008 3
4.3628008 3
4.3636008 3
4.3644008 3
4.3652008 3
4.3660008 3
4.3668008 3
4.3676008 3
4.3684008 3
4.3692008 3
4.3700008 3
4.3708008 3
4.3716008 3
4.3724008 3
4.3732008 3
4.3740008 3
4.3748008 3
4.3756008 3
4.3764008 3
4.3772008 3
4.3780008 3
4.3788008 3
4.3796008 3
4.3804008 3
4.3812008 3
4.3820008 3
4.3828008 3
4.3836008 3
4.3844008 3
4.3852008 3
4.3860008 3
4.3868008 3
4.3876008 3
4.3884008 3
4.3892008 3
4.3900008 3
4.3908008 3
4.3916008 3
4.3924008 1
4.3932008 1
4.3940008 1
4.3948008 1
4.3956008 1
4.3964008 1
4.3972008 4
4.3980008 4
4.3988008 4
4.3996008 4
4.4004008 4
4.4012008 4
4.4020008 3
4.4028008 3
4.4036008 3
4.4044008 3
4.4052008 3
4.4060008 3
4.4068008 3
4.4076008 3
4.4084008 3
4.4092008 3
4.4100008 3
4.4108008 3
4.4116008 3
4.4124008 3
4.4132008 3
4.4140008 3
4.4148008 3
4.4156008 3
4.4164008 3
4.4172008 3
4.4180008 3
4.4188008 3
4.4196008 3
4.4204008 3
4.4212008 3
4.4220008 3
4.4228008 3
4.4236008 3
4.4244008 3
4.4252008 3
4.4260008 3
4.4268008 3
4.4276008 3
4.4284008 3
4.4292008 3
4.4300008 3
4.4308008 3
4.4316008 3
4.4324008 3
4.4332008 3
4.4340008 3
4.4348008 1
4.4356008 1
4.4364008 1
4.4372008 1
4.4380008 1
4.4388008 1
4.4396008 4
4.4404008 4
4.4412008 4
4.4420008 4
4.4428008 4
4.4436008 4
4.4444008 3
4.4452008 3
4.4460008 3
4.4468008 3
4.4476008 3
4.4484008 3
4.4492008 3
4.4500008 3
4.4508008 3
4.4516008 3
4.4524008 3
4.4532008 3
4.4540008 3
4.4548008 3
4.4556008 3
4.4564008 3
4.4572008 3
4.4580008 3
4.4588008 3
4.4596008 3
4.4604008 3
4.4612008 3
4.4620008 3
4.4628008 3
4.4636008 3
4.4644008 3
4.4652008 3
4.4660008 3
4.4668008 3
4.4676008 3
4.4684008 3
4.4692008 3
4.4700008 3
4.4708008 3
4.4716008 3
4.4724008 3
4.4732008 3
4.4740008 3
4.4748008 3
4.4756008 3
4.4764008 3
4.4772008 3
4.4780008 1
4.4788008 1
4.4796008 1
4.4804008 1
4.4812008 1
4.4820008 1
4.4828008 4
4.4836008 4
4.4844008 4
4.4852008 4
4.4860008 4
4.4868008 4
4.4876008 3
4.4884008 3
4.4892008 3
4.4900008 3
4.4908008 3
4.4916008 3
4.4924008 3
4.4932008 3
4.4940008 3
4.4948008 3
4.4956008 3
4.4964008 3
4.4972008 3
4.4980008 3
4.4988008 3
4.4996008 3
4.5004008 3
4.5012008 3
4.5020008 3
4.5028008 3
4.5036008 3
4.5044008 3
4.5052008 3
4.5060008 3
4.5068008 3
4.5076008 3
4.5084008 3
4.5092008 3
4.5100008 3
4.5108008 3
4.5116008 3
4.5124008 3
4.5132008 3
4.5140008 3
4.5148008 3
4.5156008 3
4.5164008 3
4.5172008 3
4.5180008 3
4.5188008 3
4.5196008 3
4.5204008 3
4.5212008 3
4.5220008 1
4.5228008 1
4.5236008 1
4.5244008 1
4.5252008 1
4.5260008 1
4.5268008 4
4.5276008 4
4.5284008 4
4.5292008 4
4.5300008 4
4.5308008 4
4.5316008 3
4.5324008 3
4.5332008 3
4.5340008 3
4.5348008 3
4.5356008 3
4.5364008 3
4.5372008 3
4.5380008 3
4.5388008 3
4.5396008 3
4.5404008 3
4.5412008 3
4.5420008 3
4.5428008 3
4.5436008 3
4.5444008 3
4.5452008 3
4.5460008 3
4.5460016 3
4.5468016 1
4.5476016 1
4.5484016 1
4.5492016 1
4.5500016 1
4.5508016 1
4.5516016 4
4.5524016 4
4.5532016 4
4.5540016 4
4.5548016 4
4.5556016 4
4.5692016 1
4.5700016 1
4.5708016 1
4.5716016 1
4.5724016 1
4.5732016 1
4.5740016 4
4.5748016 4
4.5756016 4
4.5764016 4
4.5772016 4
4.5780016 4
4.5916016 1
4.5924016 1
4.5932016 1
4.5940016 1
4.5948016 1
4.5956016 1
4.5964016 4
4.5972016 4
4.5980016 4
4.5988016 4
4.5996016 4
4.6004016 4
4.6140016 1
4.6148016 1
4.6156016 1
4.6164016 1
4.6172016 1
4.6180016 1
4.6188016 4
4.6196016 4
4.6204016 4
4.6212016 4
4.6220016 4
4.6228016 4
4.6364016 1
4.6372016 1
4.6380016 1
4.6388016 1
4.6396016 1
4.6404016 1
4.6412016 4
4.6420016 4
4.6428016 4
4.6436016 4
4.6444016 4
4.6452016 4
4.6588016 1
4.6596016 1
4.6604016 1
4.6612016 1
4.6620016 1
4.6628016 1
4.6636016 4
4.6644016 4
4.6652016 4
4.6660016 4
4.6668016 4
4.6676016 4
4.6812016 1
4.6820016 1
4.6828016 1
4.6836016 1
4.6844016 1
4.6852016 1
4.6860016 4
4.6868016 4
4.6876016 4
4.6884016 4
4.6892016 4
4.6900016 4
4.7036016 1
4.7044016 1
4.7052016 1
4.7060016 1
4.7068016 1
4.7076016 1
4.7084016 4
4.7092016 4
4.7100016 4
4.7108016 4
4.7116016 4
4.7124016 4
4.7260016 1
4.7268016 1
4.7276016 1
4.7284016 1
4.7292016 1
4.7300016 1
4.7308016 4
4.7316016 4
4.7324016 4
4.7332016 4
4.7340016 4
4.7348016 4
4.7484016 1
4.7492016 1
4.7500016 1
4.7508016 1
4.7516016 1
4.7524016 1
4.7532016 4
4.7540016 4
4.7548016 4
4.7556016 4
4.7564016 4
4.7572016 4
4.7708016 1
4.7716016 1
4.7724016 1
4.7732016 1
4.7740016 1
4.7748016 1
4.7756016 4
4.7764016 4
4.7772016 4
4.7780016 4
4.7788016 4
4.7796016 4
4.7932016 1
4.7940016 1
4.7948016 1
4.7956016 1
4.7964016 1
4.7972016 1
4.7980016 4
4.7988016 4
4.7996016 4
4.8004016 4
4.8012016 4
4.8020016 4
4.8156016 1
4.8164016 1
4.8172016 1
4.8180016 1
4.8188016 1
4.8196016 1
4.8204016 4
4.8212016 4
4.8220016 4
4.8228016 4
4.8236016 4
4.8244016 4
4.8380016 1
4.8388016 1
4.8396016 1
4.8404016 1
4.8412016 1
4.8420016 1
4.8428016 4
4.8436016 4
4.8444016 4
4.8452016 4
4.8460016 4
4.8468016 4
4.8604016 1
4.8612016 1
4.8620016 1
4.8628016 1
4.8636016 1
4.8644016 1
4.8652016 4
4.8660016 4
4.8668016 4
4.8676016 4
4.8684016 4
4.8692016 4
4.8828016 1
4.8836016 1
4.8844016 1
4.8852016 1
4.8860016 1
4.8868016 1
4.8876016 4
4.8884016 4
4.8892016 4
4.8900016 4
4.8908016 4
4.8916016 4
4.9052016 1
4.9060016 1
4.9068016 1
4.9076016 1
4.9084016 1
4.9092016 1
4.9100016 4
4.9108016 4
4.9116016 4
4.9124016 4
4.9132016 4
4.9140016 4
4.9276016 1
4.9284016 1
4.9292016 1
4.9300016 1
4.9308016 1
4.9316016 1
4.9324016 4
4.9332016 4
4.9340016 4
4.9348016 4
4.9356016 4
4.9364016 4
4.9500016 1
4.9508016 1
4.9516016 1
4.9524016 1
4.9532016 1
4.9540016 1
4.9548016 4
4.9556016 4
4.9564016 4
4.9572016 4
4.9580016 4
4.9588016 4
4.9724016 1
4.9732016 1
4.9740016 1
4.9748016 1
4.9756016 1
4.9764016 1
4.9772016 4
4.9780016 4
4.9788016 4
4.9796016 4
4.9804016 4
4.9812016 4
4.9948016 1
4.9956016 1
4.9964016 1
4.9972016 1
4.9980016 1
4.9988016 1
4.9996016 4
5.0004016 4
5.0012016 4
5.0020016 4
5.0028016 4
5.0036016 4
5.0172016 1
5.0180016 1
5.0188016 1
5.0196016 1
5.0204016 1
5.0212016 1
5.0220016 4
5.0228016 4
5.0236016 4
5.0244016 4
5.0252016 4
5.0260016 4
5.0396016 1
5.0404016 1
5.0412016 1
5.0420016 1
5.0428016 1
5.0436016 1
5.0444016 4
5.0452016 4
5.0460016 4
5.0468016 4
5.0476016 4
5.0484016 4
5.0620016 1
5.0628016 1
5.0636016 1
5.0644016 1
5.0652016 1
5.0660016 1
5.0668016 4
5.0676016 4
5.0684016 4
5.0692016 4
5.0700016 4
5.0708016 4
5.0844016 1
5.0852016 1
5.0860016 1
5.0868016 1
5.0876016 1
5.0884016 1
5.0892016 4
5.0900016 4
5.0908016 4
5.0916016 4
5.0924016 4
5.0932016 4
5.1068016 1
5.1076016 1
5.1084016 1
5.1092016 1
5.1100016 1
5.1108016 1
5.1116016 4
5.1124016 4
5.1132016 4
5.1140016 4
5.1148016 4
5.1156016 4
5.1292016 1
5.1300016 1
5.1308016 1
5.1316016 1
5.1324016 1
5.1332016 1
5.1340016 4
5.1348016 4
5.1356016 4
5.1364016 4
5.1372016 4
5.1380016 4
5.1516016 1
5.1524016 1
5.1532016 1
5.1540016 1
5.1548016 1
5.1556016 1
5.1564016 4
5.1572016 4
5.1580016 4
5.1588016 4
5.1596016 4
5.1604016 4
5.1740016 1
5.1748016 1
5.1756016 1
5.1764016 1
5.1772016 1
5.1780016 1
5.1788016 4
5.1796016 4
5.1804016 4
5.1812016 4
5.1820016 4
5.1828016 4
5.1964016 1
5.1972016 1
5.1980016 1
5.1988016 1
5.1996016 1
5.2004016 1
5.2012016 4
5.2020016 4
5.2028016 4
5.2036016 4
5.2044016 4
5.2052016 4
5.2188016 1
5.2196016 1
5.2204016 1
5.2212016 1
5.2220016 1
5.2228016 1
5.2236016 4
5.2244016 4
5.2252016 4
5.2260016 4
5.2268016 4
5.2276016 4
5.2412016 1
5.2420016 1
5.2428016 1
5.2436016 1
5.2444016 1
5.2452016 1
5.2460016 4
5.2468016 4
5.2476016 4
5.2484016 4
5.2492016 4
5.2500016 4
5.2636016 1
5.2644016 1
5.2652016 1
5.2660016 1
5.2668016 1
5.2676016 1
5.2684016 4
5.2692016 4
5.2700016 4
5.2708016 4
5.2716016 4
5.2724016 4
5.2860016 1
5.2868016 1
5.2876016 1
5.2884016 1
5.2892016 1
5.2900016 1
5.2908016 4
5.2916016 4
5.2924016 4
5.2932016 4
5.2940016 4
5.2948016 4
5.3084016 1
5.3092016 1
5.3100016 1
5.3108016 1
5.3116016 1
5.3124016 1
5.3132016 4
5.3140016 4
5.3148016 4
5.3156016 4
5.3164016 4
5.3172016 4
5.3308016 1
5.3316016 1
5.3324016 1
5.3332016 1
5.3340016 1
5.3348016 1
5.3356016 4
5.3364016 4
5.3372016 4
5.3380016 4
5.3388016 4
5.3396016 4
5.3532016 1
5.3540016 1
5.3548016 1
5.3556016 1
5.3564016 1
5.3572016 1
5.3580016 4
5.3588016 4
5.3596016 4
5.3604016 4
5.3612016 4
5.3620016 4
5.3756016 1
5.3764016 1
5.3772016 1
5.3780016 1
5.3788016 1
5.3796016 1
5.3804016 4
5.3812016 4
5.3820016 4
5.3828016 4
5.3836016 4
5.3844016 4
5.3980016 1
5.3988016 1
5.3996016 1
5.4004016 1
5.4012016 1
5.4020016 1
5.4028016 4
5.4036016 4
5.4044016 4
5.4052016 4
5.4060016 4
5.4068016 4
5.4204016 1
5.4212016 1
5.4220016 1
5.4228016 1
5.4236016 1
5.4244016 1
5.4252016 4
5.4260016 4
5.4268016 4
5.4276016 4
5.4284016 4
5.4292016 4
5.4428016 1
5.4436016 1
5.4444016 1
5.4452016 1
5.4460016 1
5.4468016 1
5.4476016 4
5.4484016 4
5.4492016 4
5.4500016 4
5.4508016 4
5.4516016 4
5.4652016 1
5.4660016 1
5.4668016 1
5.4676016 1
5.4684016 1
5.4692016 1
5.4700016 4
5.4708016 4
5.4716016 4
5.4724016 4
5.4732016 4
5.4740016 4
5.4876016 1
5.4884016 1
5.4892016 1
5.4900016 1
5.4908016 1
5.4916016 1
5.4924016 4
5.4932016 4
5.4940016 4
5.4948016 4
5.4956016 4
5.4964016 4
5.5100016 1
5.5108016 1
5.5116016 1
5.5124016 1
5.5132016 1
5.5140016 1
5.5148016 4
5.5156016 4
5.5164016 4
5.5172016 4
5.5180016 4
5.5188016 4
5.5324016 1
5.5332016 1
5.5340016 1
5.5348016 1
5.5356016 1
5.5364016 1
5.5372016 4
5.5380016 4
5.5388016 4
5.5396016 4
5.5404016 4
5.5412016 4
5.5548016 1
5.5556016 1
5.5564016 1
5.5572016 1
5.5580016 1
5.5588016 1
5.5596016 4
5.5604016 4
5.5612016 4
5.5620016 4
5.5628016 4
5.5636016 4
5.5772016 1
5.5780016 1
5.5788016 1
5.5796016 1
5.5804016 1
5.5812016 1
5.5820016 4
5.5828016 4
5.5836016 4
5.5844016 4
5.5852016 4
5.5860016 4
5.5996016 1
5.6004016 1
5.6012016 1
5.6020016 1
5.6028016 1
5.6036016 1
5.6044016 4
5.6052016 4
5.6060016 4
5.6068016 4
5.6076016 4
5.6084016 4
5.6220016 1
5.6228016 1
5.6236016 1
5.6244016 1
5.6252016 1
5.6260016 1
5.6268016 4
5.6276016 4
5.6284016 4
5.6292016 4
5.6300016 4
5.6308016 4
5.6444016 1
5.6452016 1
5.6460016 1
5.6468016 1
5.6476016 1
5.6484016 1
5.6492016 4
5.6500016 4
5.6508016 4
5.6516016 4
5.6524016 4
5.6532016 4
5.6668016 1
5.6676016 1
5.6684016 1
5.6692016 1
5.6700016 1
5.6708016 1
5.6716016 4
5.6724016 4
5.6732016 4
5.6740016 4
5.6748016 4
5.6756016 4
5.6892016 1
5.6900016 1
5.6908016 1
5.6916016 1
5.6924016 1
5.6932016 1
5.6940016 4
5.6948016 4
5.6956016 4
5.6964016 4
5.6972016 4
5.6980016 4
5.7116016 1
5.7124016 1
5.7132016 1
5.7140016 1
5.7148016 1
5.7156016 1
5.7164016 4
5.7172016 4
5.7180016 4
5.7188016 4
5.7196016 4
5.7204016 4
5.7340016 1
5.7348016 1
5.7356016 1
5.7364016 1
5.7372016 1
5.7380016 1
5.7388016 4
5.7396016 4
5.7404016 4
5.7412016 4
5.7420016 4
5.7428016 4
5.7564016 1
5.7572016 1
5.7580016 1
5.7588016 1
5.7596016 1
5.7604016 1
5.7612016 4
5.7620016 4
5.7628016 4
5.7636016 4
5.7644016 4
5.7652016 4
5.7788016 1
5.7796016 1
5.7804016 1
5.7812016 1
5.7820016 1
5.7828016 1
5.7836016 4
5.7844016 4
5.7852016 4
5.7860016 4
5.7868016 4
5.7876016 4
5.8012016 1
5.8020016 1
5.8028016 1
5.8036016 1
5.8044016 1
5.8052016 1
5.8060016 4
5.8068016 4
5.8076016 4
5.8084016 4
5.8092016 4
5.8100016 4
5.8236016 1
5.8244016 1
5.8252016 1
5.8260016 1
5.8268016 1
5.8276016 1
5.8284016 4
5.8292016 4
5.8300016 4
5.8308016 4
5.8316016 4
5.8324016 4
5.8460016 1
5.8468016 1
5.8476016 1
5.8484016 1
5.8492016 1
5.8500016 1
5.8508016 4
5.8516016 4
5.8524016 4
5.8532016 4
5.8540016 4
5.8548016 4
5.8684016 1
5.8692016 1
5.8700016 1
5.8708016 1
5.8716016 1
5.8724016 1
5.8732016 4
5.8740016 4
5.8748016 4
5.8756016 4
5.8764016 4
5.8772016 4
5.8908016 1
5.8916016 1
5.8924016 1
5.8932016 1
5.8940016 1
5.8948016 1
5.8956016 4
5.8964016 4
5.8972016 4
5.8980016 4
5.8988016 4
5.8996016 4
5.9132016 1
5.9140016 1
5.9148016 1
5.9156016 1
5.9164016 1
5.9172016 1
5.9180016 4
5.9188016 4
5.9196016 4
5.9204016 4
5.9212016 4
5.9220016 4
5.9356016 1
5.9364016 1
5.9372016 1
5.9380016 1
5.9388016 1
5.9396016 1
5.9404016 4
5.9412016 4
5.9420016 4
5.9428016 4
5.9436016 4
5.9444016 4
5.9580016 1
5.9588016 1
5.9596016 1
5.9604016 1
5.9612016 1
5.9620016 1
5.9628016 4
5.9636016 4
5.9644016 4
5.9652016 4
5.9660016 4
5.9668016 4
5.9804016 1
5.9812016 1
5.9820016 1
5.9828016 1
5.9836016 1
5.9844016 1
5.9852016 4
5.9860016 4
5.9868016 4
5.9876016 4
5.9884016 4
5.9892016 4
6.0028016 1
6.0036016 1
6.0044016 1
6.0052016 1
6.0060016 1
6.0068016 1
6.0076016 4
6.0084016 4
6.0092016 4
6.0100016 4
6.0108016 4
6.0116016 4
6.0252016 1
6.0260016 1
6.0268016 1
6.0276016 1
6.0284016 1
6.0292016 1
6.0300016 4
6.0308016 4
6.0316016 4
6.0324016 4
6.0332016 4
6.0340016 4
6.0476016 1
6.0484016 1
6.0492016 1
6.0500016 1
6.0508016 1
6.0516016 1
6.0524016 4
6.0532016 4
6.0540016 4
6.0548016 4
6.0556016 4
6.0564016 4
6.0700016 1
6.0708016 1
6.0716016 1
6.0724016 1
6.0732016 1
6.0740016 1
6.0748016 4
6.0756016 4
6.0764016 4
6.0772016 4
6.0780016 4
6.0788016 4
6.0924016 1
6.0932016 1
6.0940016 1
6.0948016 1
6.0956016 1
6.0964016 1
6.0972016 4
6.0980016 4
6.0988016 4
6.0996016 4
6.1004016 4
6.1012016 4
6.1148016 1
6.1156016 1
6.1164016 1
6.1172016 1
6.1180016 1
6.1188016 1
6.1196016 4
6.1204016 4
6.1212016 4
6.1220016 4
6.1228016 4
6.1236016 4
6.1372016 1
6.1380016 1
6.1388016 1
6.1396016 1
6.1404016 1
6.1412016 1
6.1420016 4
6.1428016 4
6.1436016 4
6.1444016 4
6.1452016 4
6.1460016 4
6.1596016 1
6.1604016 1
6.1612016 1
6.1620016 1
6.1628016 1
6.1636016 1
6.1644016 4
6.1652016 4
6.1660016 4
6.1668016 4
6.1676016 4
6.1684016 4
6.1820016 1
6.1828016 1
6.1836016 1
6.1844016 1
6.1852016 1
6.1860016 1
6.1868016 4
6.1876016 4
6.1884016 4
6.1892016 4
6.1900016 4
6.1908016 4
6.2044016 1
6.2052016 1
6.2060016 1
6.2068016 1
6.2076016 1
6.2084016 1
6.2092016 4
6.2100016 4
6.2108016 4
6.2116016 4
6.2124016 4
6.2132016 4
6.2268016 1
6.2276016 1
6.2284016 1
6.2292016 1
6.2300016 1
6.2308016 1
6.2316016 4
6.2324016 4
6.2332016 4
6.2340016 4
6.2348016 4
6.2356016 4
6.2492016 1
6.2500016 1
6.2508016 1
6.2516016 1
6.2524016 1
6.2532016 1
6.2540016 4
6.2548016 4
6.2556016 4
6.2564016 4
6.2572016 4
6.2580016 4
6.2716016 1
6.2724016 1
6.2732016 1
6.2740016 1
6.2748016 1
6.2756016 1
6.2764016 4
6.2772016 4
6.2780016 4
6.2788016 4
6.2796016 4
6.2804016 4
6.2940016 1
6.2948016 1
6.2956016 1
6.2964016 1
6.2972016 1
6.2980016 1
6.2988016 4
6.2996016 4
6.3004016 4
6.3012016 4
6.3020016 4
6.3028016 4
6.3164016 1
6.3172016 1
6.3180016 1
6.3188016 1
6.3196016 1
6.3204016 1
6.3212016 4
6.3220016 4
6.3228016 4
6.3236016 4
6.3244016 4
6.3252016 4
6.3388016 1
6.3396016 1
6.3404016 1
6.3412016 1
6.3420016 1
6.3428016 1
6.3436016 4
6.3444016 4
6.3452016 4
6.3460016 4
6.3468016 4
6.3476016 4
6.3612016 1
6.3620016 1
6.3628016 1
6.3636016 1
6.3644016 1
6.3652016 1
6.3660016 4
6.3668016 4
6.3676016 4
6.3684016 4
6.3692016 4
6.3700016 4
6.3836016 1
6.3844016 1
6.3852016 1
6.3860016 1
6.3868016 1
6.3876016 1
6.3884016 4
6.3892016 4
6.3900016 4
6.3908016 4
6.3916016 4
6.3924016 4
6.4060016 1
6.4068016 1
6.4076016 1
6.4084016 1
6.4092016 1
6.4100016 1
6.4108016 4
6.4116016 4
6.4124016 4
6.4132016 4
6.4140016 4
6.4148016 4
6.4284016 1
6.4292016 1
6.4300016 1
6.4308016 1
6.4316016 1
6.4324016 1
6.4332016 4
6.4340016 4
6.4348016 4
6.4356016 4
6.4364016 4
6.4372016 4
6.4508016 1
6.4516016 1
6.4524016 1
6.4532016 1
6.4540016 1
6.4548016 1
6.4556016 4
6.4564016 4
6.4572016 4
6.4580016 4
6.4588016 4
6.4596016 4
6.4732016 1
6.4740016 1
6.4748016 1
6.4756016 1
6.4764016 1
6.4772016 1
6.4780016 4
6.4788016 4
6.4796016 4
6.4804016 4
6.4812016 4
6.4820016 4
6.4956016 1
6.4964016 1
6.4972016 1
6.4980016 1
6.4988016 1
6.4996016 1
6.5004016 4
6.5012016 4
6.5020016 4
6.5028016 4
6.5036016 4
6.5044016 4
6.5180016 1
6.5188016 1
6.5196016 1
6.5204016 1
6.5212016 1
6.5220016 1
6.5228016 4
6.5236016 4
6.5244016 4
6.5252016 4
6.5260016 4
6.5268016 4
6.5404016 1
6.5412016 1
6.5420016 1
6.5428016 1
6.5436016 1
6.5444016 1
6.5452016 4
6.5460016 4
6.5468016 4
6.5476016 4
6.5484016 4
6.5492016 4
6.5628016 1
6.5636016 1
6.5644016 1
6.5652016 1
6.5660016 1
6.5668016 1
6.5676016 4
6.5684016 4
6.5692016 4
6.5700016 4
6.5708016 4
6.5716016 4
6.5852016 1
6.5860016 1
6.5868016 1
6.5876016 1
6.5884016 1
6.5892016 1
6.5900016 4
6.5908016 4
6.5916016 4
6.5924016 4
6.5932016 4
6.5940016 4
6.6076016 1
6.6084016 1
6.6092016 1
6.6100016 1
6.6108016 1
6.6116016 1
6.6124016 4
6.6132016 4
6.6140016 4
6.6148016 4
6.6156016 4
6.6164016 4
6.6300016 1
6.6308016 1
6.6316016 1
6.6324016 1
6.6332016 1
6.6340016 1
6.6348016 4
6.6356016 4
6.6364016 4
6.6372016 4
6.6380016 4
6.6388016 4
6.6524016 1
6.6532016 1
6.6540016 1
6.6548016 1
6.6556016 1
6.6564016 1
6.6572016 4
6.6580016 4
6.6588016 4
6.6596016 4
6.6604016 4
6.6612016 4
6.6748016 1
6.6756016 1
6.6764016 1
6.6772016 1
6.6780016 1
6.6788016 1
6.6796016 4
6.6804016 4
6.6812016 4
6.6820016 4
6.6828016 4
6.6836016 4
6.6972016 1
6.6980016 1
6.6988016 1
6.6996016 1
6.7004016 1
6.7012016 1
6.7020016 4
6.7028016 4
6.7036016 4
6.7044016 4
6.7052016 4
6.7060016 4
6.7196016 1
6.7204016 1
6.7212016 1
6.7220016 1
6.7228016 1
6.7236016 1
6.7244016 4
6.7252016 4
6.7260016 4
6.7268016 4
6.7276016 4
6.7284016 4
6.7420016 1
6.7428016 1
6.7436016 1
6.7444016 1
6.7452016 1
6.7460016 1
6.7468016 4
6.7476016 4
6.7484016 4
6.7492016 4
6.7500016 4
6.7508016 4
6.7644016 1
6.7652016 1
6.7660016 1
6.7668016 1
6.7676016 1
6.7684016 1
6.7692016 4
6.7700016 4
6.7708016 4
6.7716016 4
6.7724016 4
6.7732016 4
6.7868016 1
6.7876016 1
6.7884016 1
6.7892016 1
6.7900016 1
6.7908016 1
6.7916016 4
6.7924016 4
6.7932016 4
6.7940016 4
6.7948016 4
6.7956016 4
6.8092016 1
6.8100016 1
6.8108016 1
6.8116016 1
6.8124016 1
6.8132016 1
6.8140016 4
6.8148016 4
6.8156016 4
6.8164016 4
6.8172016 4
6.8180016 4
6.8316016 1
6.8324016 1
6.8332016 1
6.8340016 1
6.8348016 1
6.8356016 1
6.8364016 4
6.8372016 4
6.8380016 4
6.8388016 4
6.8396016 4
6.8404016 4
6.8540016 1
6.8548016 1
6.8556016 1
6.8564016 1
6.8572016 1
6.8580016 1
6.8588016 4
6.8596016 4
6.8604016 4
6.8612016 4
6.8620016 4
6.8628016 4
6.8764016 1
6.8772016 1
6.8780016 1
6.8788016 1
6.8796016 1
6.8804016 1
6.8812016 4
6.8820016 4
6.8828016 4
6.8836016 4
6.8844016 4
6.8852016 4
6.8988016 1
6.8996016 1
6.9004016 1
6.9012016 1
6.9020016 1
6.9028016 1
6.9036016 4
6.9044016 4
6.9052016 4
6.9060016 4
6.9068016 4
6.9076016 4
6.9212016 1
6.9220016 1
6.9228016 1
6.9236016 1
6.9244016 1
6.9252016 1
6.9260016 4
6.9268016 4
6.9276016 4
6.9284016 4
6.9292016 4
6.9300016 4
6.9436016 1
6.9444016 1
6.9452016 1
6.9460016 1
6.9468016 1
6.9476016 1
6.9484016 4
6.9492016 4
6.9500016 4
6.9508016 4
6.9516016 4
6.9524016 4
6.9660016 1
6.9668016 1
6.9676016 1
6.9684016 1
6.9692016 1
6.9700016 1
6.9708016 4
6.9716016 4
6.9724016 4
6.9732016 4
6.9740016 4
6.9748016 4
6.9884016 1
6.9892016 1
6.9900016 1
6.9908016 1
6.9916016 1
6.9924016 1
6.9932016 4
6.9940016 4
6.9948016 4
6.9956016 4
6.9964016 4
6.9972016 4
7.0108016 1
7.0116016 1
7.0124016 1
7.0132016 1
7.0140016 1
7.0148016 1
7.0156016 4
7.0164016 4
7.0172016 4
7.0180016 4
7.0188016 4
7.0196016 4
7.0332016 1
7.0340016 1
7.0348016 1
7.0356016 1
7.0364016 1
7.0372016 1
7.0380016 4
7.0388016 4
7.0396016 4
7.0404016 4
7.0412016 4
7.0420016 4
7.0556016 1
7.0564016 1
7.0572016 1
7.0580016 1
7.0588016 1
7.0596016 1
7.0604016 4
7.0612016 4
7.0620016 4
7.0628016 4
7.0636016 4
7.0644016 4
7.0780016 1
7.0788016 1
7.0796016 1
7.0804016 1
7.0812016 1
7.0820016 1
7.0828016 4
7.0836016 4
7.0844016 4
7.0852016 4
7.0860016 4
7.0868016 4
7.1004016 1
7.1012016 1
7.1020016 1
7.1028016 1
7.1036016 1
7.1036024 1
7.1052016 4
7.1060016 4
7.1068016 4
7.1076016 4
7.1084016 4
7.1092016 4
7.1228016 1
7.1236016 1
7.1236024 1
7.1276016 4
7.1284016 4
7.1292016 4
7.1300016 4
7.1308016 4
7.1316016 4
7.1500016 4
7.1508016 4
7.1516016 4
7.1524016 4
7.1532016 4
7.1540016 4
7.1724016 4
7.1732016 4
7.1740016 4
7.1748016 4
7.1756016 4
7.1764016 4
7.1948016 4
7.1956016 4
7.1964016 4
7.1972016 4
7.1972024 4
7.2172016 4
7.2172024 4
