0.216 1 0 0.216 0.016 0.2 0.0
0.224 1 0 0.224 0.016 0.2 0.008
0.232 1 0 0.232 0.016 0.2 0.016
0.24 1 0 0.24 0.016 0.2 0.024
0.248 1 0 0.248 0.016 0.2 0.032
0.256 1 0 0.256 0.016 0.2 0.04
0.264 1 0 0.264 0.016 0.2 0.048
0.272 1 0 0.272 0.016 0.2 0.056
0.28 1 0 0.28 0.016 0.2 0.064
0.288 1 0 0.288 0.016 0.2 0.072
0.296 1 0 0.296 0.016 0.2 0.08
0.304 1 0 0.304 0.016 0.2 0.088
0.312 1 0 0.312 0.016 0.2 0.096
0.32 1 0 0.32 0.016 0.2 0.104
0.328 1 0 0.328 0.016 0.2 0.112
0.336 1 0 0.336 0.016 0.2 0.12
0.344 1 0 0.344 0.016 0.2 0.128
0.352 1 0 0.352 0.016 0.2 0.136
0.36 1 0 0.36 0.016 0.2 0.144
0.368 1 0 0.368 0.016 0.2 0.152
0.376 1 0 0.376 0.016 0.2 0.16
0.384 1 0 0.384 0.016 0.2 0.168
0.392 1 0 0.392 0.016 0.2 0.176
0.4 1 0 0.4 0.016 0.2 0.184
0.408 1 0 0.408 0.016 0.2 0.192
0.416 1 0 0.416 0.016 0.2 0.2
0.424 1 0 0.424 0.016 0.2 0.208
0.432 1 0 0.432 0.016 0.2 0.216
0.44 1 0 0.44 0.016 0.2 0.224
0.448 1 0 0.448 0.016 0.2 0.232
0.456 1 0 0.456 0.016 0.2 0.24
0.464 1 0 0.464 0.016 0.2 0.248
0.472 1 0 0.472 0.016 0.2 0.256
0.48 1 0 0.48 0.016 0.2 0.264
0.488 1 0 0.488 0.016 0.2 0.272
0.496 1 0 0.496 0.016 0.2 0.28
0.504 1 0 0.504 0.016 0.2 0.288
0.512 1 0 0.512 0.016 0.2 0.296
0.52 1 0 0.52 0.016 0.2 0.304
0.528 1 0 0.528 0.016 0.2 0.312
0.536 1 0 0.536 0.016 0.2 0.32
0.544 1 0 0.544 0.016 0.2 0.328
0.552 1 0 0.552 0.016 0.2 0.336
0.56 1 0 0.56 0.016 0.2 0.344
0.568 1 0 0.568 0.016 0.2 0.352
0.576 1 0 0.576 0.016 0.2 0.36
0.584 1 0 0.584 0.016 0.2 0.368
0.592 1 0 0.592 0.016 0.2 0.376
0.6 1 0 0.6 0.016 0.2 0.384
0.608 1 0 0.608 0.016 0.2 0.392
0.616 1 0 0.616 0.016 0.2 0.4
0.624 1 0 0.624 0.016 0.2 0.408
0.632 1 0 0.632 0.016 0.2 0.416
0.64 1 0 0.64 0.016 0.2 0.424
0.648 1 0 0.648 0.016 0.2 0.432
0.656 1 0 0.656 0.016 0.2 0.44
0.664 1 0 0.664 0.016 0.2 0.448
0.672 1 0 0.672 0.016 0.2 0.456
0.68 1 0 0.68 0.016 0.2 0.464
0.688 1 0 0.688 0.016 0.2 0.472
0.696 1 0 0.696 0.016 0.2 0.48
0.704 1 0 0.704 0.016 0.2 0.488
0.712 1 0 0.712 0.016 0.2 0.496
0.72 1 0 0.72 0.016 0.2 0.504
0.728 1 0 0.728 0.016 0.2 0.512
0.736 1 0 0.736 0.016 0.2 0.52
0.744 1 0 0.744 0.016 0.2 0.528
0.752 1 0 0.752 0.016 0.2 0.536
0.76 1 0 0.76 0.016 0.2 0.544
0.768 1 0 0.768 0.016 0.2 0.552
0.776 1 0 0.776 0.016 0.2 0.56
0.784 1 0 0.784 0.016 0.2 0.568
0.792 1 0 0.792 0.016 0.2 0.576
0.8 1 0 0.8 0.016 0.2 0.584
0.808 1 0 0.808 0.016 0.2 0.592
0.816 1 0 0.816 0.016 0.2 0.6
0.824 1 0 0.824 0.016 0.2 0.608
0.832 1 0 0.832 0.016 0.2 0.616
0.84 1 0 0.84 0.016 0.2 0.624
0.848 1 0 0.848 0.016 0.2 0.632
0.856 1 0 0.856 0.016 0.2 0.64
0.864 1 0 0.864 0.016 0.2 0.648
0.872 1 0 0.872 0.016 0.2 0.656
0.88 1 0 0.88 0.016 0.2 0.664
0.888 1 0 0.888 0.016 0.2 0.672
0.896 1 0 0.896 0.016 0.2 0.68
0.904 1 0 0.904 0.016 0.2 0.688
0.912 1 0 0.912 0.016 0.2 0.696
0.92 1 0 0.92 0.016 0.2 0.704
0.928 1 0 0.928 0.016 0.2 0.712
0.936 1 0 0.936 0.016 0.2 0.72
0.944 1 0 0.944 0.016 0.2 0.728
0.952 1 0 0.952 0.016 0.2 0.736
0.96 1 0 0.96 0.016 0.2 0.744
0.968 1 0 0.968 0.016 0.2 0.752
0.976 1 0 0.976 0.016 0.2 0.76
0.984 1 0 0.984 0.016 0.2 0.768
0.992 1 0 0.992 0.016 0.2 0.776
1.0 1 0 1.0 0.016 0.2 0.784
1.008 1 0 1.008 0.016 0.2 0.792
1.016 1 0 1.016 0.016 0.2 0.8
1.024 1 0 1.024 0.016 0.2 0.808
1.032 1 0 1.032 0.016 0.2 0.816
1.04 1 0 1.04 0.016 0.2 0.824
1.048 1 0 1.048 0.016 0.2 0.832
1.056 1 0 1.056 0.016 0.2 0.84
1.064 1 0 1.064 0.016 0.2 0.848
1.072 1 0 1.072 0.016 0.2 0.856
1.08 1 0 1.08 0.016 0.2 0.864
1.088 1 0 1.088 0.016 0.2 0.872
1.096 1 0 1.096 0.016 0.2 0.88
1.104 1 0 1.104 0.016 0.2 0.888
1.112 1 0 1.112 0.016 0.2 0.896
1.12 1 0 1.12 0.016 0.2 0.904
1.128 1 0 1.128 0.016 0.2 0.912
1.136 1 0 1.136 0.016 0.2 0.92
1.144 1 0 1.144 0.016 0.2 0.928
1.152 1 0 1.152 0.016 0.2 0.936
1.16 1 0 1.16 0.016 0.2 0.944
1.168 1 0 1.168 0.016 0.2 0.952
1.176 1 0 1.176 0.016 0.2 0.96
1.184 1 0 1.184 0.016 0.2 0.968
1.192 1 0 1.192 0.016 0.2 0.976
1.2 1 0 1.2 0.016 0.2 0.984
1.208 1 0 1.208 0.016 0.2 0.992
1.216 1 0 1.216 0.016 0.2 1.0
1.224 1 0 1.224 0.016 0.2 1.008
1.232 1 0 1.232 0.016 0.2 1.016
1.24 1 0 1.24 0.016 0.2 1.024
1.248 1 0 1.248 0.016 0.2 1.032
1.256 1 0 1.256 0.016 0.2 1.04
1.264 1 0 1.264 0.016 0.2 1.048
1.272 1 0 1.272 0.016 0.2 1.056
1.28 1 0 1.28 0.016 0.2 1.064
1.288 1 0 1.288 0.016 0.2 1.072
1.296 1 0 1.296 0.016 0.2 1.08
1.304 1 0 1.304 0.016 0.2 1.088
1.312 1 0 1.312 0.016 0.2 1.096
1.32 1 0 1.32 0.016 0.2 1.104
1.328 1 0 1.328 0.016 0.2 1.112
1.336 1 0 1.336 0.016 0.2 1.12
1.344 1 0 1.344 0.016 0.2 1.128
1.352 1 0 1.352 0.016 0.2 1.136
1.36 1 0 1.36 0.016 0.2 1.144
1.368 1 0 1.368 0.016 0.2 1.152
1.376 1 0 1.376 0.016 0.2 1.16
1.384 1 0 1.384 0.016 0.2 1.168
1.392 1 0 1.392 0.016 0.2 1.176
1.4 1 0 1.4 0.016 0.2 1.184
1.408 1 0 1.408 0.016 0.2 1.192
1.416 1 0 1.416 0.016 0.2 1.2
1.424 1 0 1.424 0.016 0.2 1.208
1.432 1 0 1.432 0.016 0.2 1.216
1.44 1 0 1.44 0.016 0.2 1.224
1.448 1 0 1.448 0.016 0.2 1.232
1.456 1 0 1.456 0.016 0.2 1.24
1.464 1 0 1.464 0.016 0.2 1.248
1.472 1 0 1.472 0.016 0.2 1.256
1.48 1 0 1.48 0.016 0.2 1.264
1.488 1 0 1.488 0.016 0.2 1.272
1.496 1 0 1.496 0.016 0.2 1.28
1.504 1 0 1.504 0.016 0.2 1.288
1.512 1 0 1.512 0.016 0.2 1.296
1.52 1 0 1.52 0.016 0.2 1.304
1.528 1 0 1.528 0.016 0.2 1.312
1.536 1 0 1.536 0.016 0.2 1.32
1.544 1 0 1.544 0.016 0.2 1.328
1.552 1 0 1.552 0.016 0.2 1.336
1.56 1 0 1.56 0.016 0.2 1.344
1.568 1 0 1.568 0.016 0.2 1.352
1.576 1 0 1.576 0.016 0.2 1.36
1.584 1 0 1.584 0.016 0.2 1.368
1.592 1 0 1.592 0.016 0.2 1.376
1.6 1 0 1.6 0.016 0.2 1.384
1.608 1 0 1.608 0.016 0.2 1.392
1.616 1 0 1.616 0.016 0.2 1.4
1.624 1 0 1.624 0.016 0.2 1.408
1.632 1 0 1.632 0.016 0.2 1.416
1.64 1 0 1.64 0.016 0.2 1.424
1.648 1 0 1.648 0.016 0.2 1.432
1.656 1 0 1.656 0.016 0.2 1.44
1.664 1 0 1.664 0.016 0.2 1.448
1.672 1 0 1.672 0.016 0.2 1.456
1.68 1 0 1.68 0.016 0.2 1.464
1.688 1 0 1.688 0.016 0.2 1.472
1.696 1 0 1.696 0.016 0.2 1.48
1.704 1 0 1.704 0.016 0.2 1.488
1.712 1 0 1.712 0.016 0.2 1.496
1.72 1 0 1.72 0.016 0.2 1.504
1.728 1 0 1.728 0.016 0.2 1.512
1.736 1 0 1.736 0.016 0.2 1.52
1.744 1 0 1.744 0.016 0.2 1.528
1.752 1 0 1.752 0.016 0.2 1.536
1.76 1 0 1.76 0.016 0.2 1.544
1.768 1 0 1.768 0.016 0.2 1.552
1.776 1 0 1.776 0.016 0.2 1.56
1.784 1 0 1.784 0.016 0.2 1.568
1.792 1 0 1.792 0.016 0.2 1.576
1.8 1 0 1.8 0.016 0.2 1.584
1.808 1 0 1.808 0.016 0.2 1.592
1.816 1 0 1.816 0.016 0.2 1.6
1.824 1 0 1.824 0.016 0.2 1.608
1.832 1 0 1.832 0.016 0.2 1.616
1.84 1 0 1.84 0.016 0.2 1.624
1.848 1 0 1.848 0.016 0.2 1.632
1.856 1 0 1.856 0.016 0.2 1.64
1.864 1 0 1.864 0.016 0.2 1.648
1.872 1 0 1.872 0.016 0.2 1.656
1.88 1 0 1.88 0.016 0.2 1.664
1.888 1 0 1.888 0.016 0.2 1.672
1.896 1 0 1.896 0.016 0.2 1.68
1.904 1 0 1.904 0.016 0.2 1.688
1.912 1 0 1.912 0.016 0.2 1.696
1.92 1 0 1.92 0.016 0.2 1.704
1.928 1 0 1.928 0.016 0.2 1.712
1.936 1 0 1.936 0.016 0.2 1.72
1.944 1 0 1.944 0.016 0.2 1.728
1.952 1 0 1.952 0.016 0.2 1.736
1.96 1 0 1.96 0.016 0.2 1.744
1.968 1 0 1.968 0.016 0.2 1.752
1.976 1 0 1.976 0.016 0.2 1.76
1.984 1 0 1.984 0.016 0.2 1.768
1.992 1 0 1.992 0.016 0.2 1.776
2.0 1 0 2.0 0.016 0.2 1.784
2.008 1 0 2.008 0.016 0.2 1.792
2.016 1 0 2.016 0.016 0.2 1.8
2.024 1 0 2.024 0.016 0.2 1.808
2.032 1 0 2.032 0.016 0.2 1.816
2.04 1 0 2.04 0.016 0.2 1.824
2.048 1 0 2.048 0.016 0.2 1.832
2.056 1 0 2.056 0.016 0.2 1.84
2.064 1 0 2.064 0.016 0.2 1.848
2.072 1 0 2.072 0.016 0.2 1.856
2.08 1 0 2.08 0.016 0.2 1.864
2.088 1 0 2.088 0.016 0.2 1.872
2.096 1 0 2.096 0.016 0.2 1.88
2.104 1 0 2.104 0.016 0.2 1.888
2.112 1 0 2.112 0.016 0.2 1.896
2.12 1 0 2.12 0.016 0.2 1.904
2.128 1 0 2.128 0.016 0.2 1.912
2.136 1 0 2.136 0.016 0.2 1.92
2.144 1 0 2.144 0.016 0.2 1.928
2.152 1 0 2.152 0.016 0.2 1.936
2.16 1 0 2.16 0.016 0.2 1.944
2.168 1 0 2.168 0.016 0.2 1.952
2.176 1 0 2.176 0.016 0.2 1.96
2.184 1 0 2.184 0.016 0.2 1.968
2.192 1 0 2.192 0.016 0.2 1.976
2.2 1 0 2.2 0.016 0.2 1.984
2.208 1 0 2.208 0.016 0.2 1.992
2.216 1 0 2.216 0.016 0.2 2.0
2.224 1 0 2.224 0.016 0.2 2.008
2.232 1 0 2.232 0.016 0.2 2.016
2.24 1 0 2.24 0.016 0.2 2.024
2.248 1 0 2.248 0.016 0.2 2.032
2.256 1 0 2.256 0.016 0.2 2.04
2.264 1 0 2.264 0.016 0.2 2.048
2.272 1 0 2.272 0.016 0.2 2.056
2.28 1 0 2.28 0.016 0.2 2.064
2.288 1 0 2.288 0.016 0.2 2.072
2.296 1 0 2.296 0.016 0.2 2.08
2.304 1 0 2.304 0.016 0.2 2.088
2.312 1 0 2.312 0.016 0.2 2.096
2.32 1 0 2.32 0.016 0.2 2.104
2.328 1 0 2.328 0.016 0.2 2.112
2.336 1 0 2.336 0.016 0.2 2.12
2.344 1 0 2.344 0.016 0.2 2.128
2.352 1 0 2.352 0.016 0.2 2.136
2.36 1 0 2.36 0.016 0.2 2.144
2.368 1 0 2.368 0.016 0.2 2.152
2.376 1 0 2.376 0.016 0.2 2.16
2.384 1 0 2.384 0.016 0.2 2.168
2.392 1 0 2.392 0.016 0.2 2.176
2.4 1 0 2.4 0.016 0.2 2.184
2.408 1 0 2.408 0.016 0.2 2.192
2.416 1 0 2.416 0.016 0.2 2.2
2.424 1 0 2.424 0.016 0.2 2.208
2.432 1 0 2.432 0.016 0.2 2.216
2.44 1 0 2.44 0.016 0.2 2.224
2.448 1 0 2.448 0.016 0.2 2.232
2.456 1 0 2.456 0.016 0.2 2.24
2.464 1 0 2.464 0.016 0.2 2.248
2.472 1 0 2.472 0.016 0.2 2.256
2.48 1 0 2.48 0.016 0.2 2.264
2.488 1 0 2.488 0.016 0.2 2.272
2.496 1 0 2.496 0.016 0.2 2.28
2.504 1 0 2.504 0.016 0.2 2.288
2.512 1 0 2.512 0.016 0.2 2.296
2.52 1 0 2.52 0.016 0.2 2.304
2.528 1 0 2.528 0.016 0.2 2.312
2.536 1 0 2.536 0.016 0.2 2.32
2.544 1 0 2.544 0.016 0.2 2.328
2.552 1 0 2.552 0.016 0.2 2.336
2.56 1 0 2.56 0.016 0.2 2.344
2.568 1 0 2.568 0.016 0.2 2.352
2.576 1 0 2.576 0.016 0.2 2.36
2.584 1 0 2.584 0.016 0.2 2.368
2.592 1 0 2.592 0.016 0.2 2.376
2.6 1 0 2.6 0.016 0.2 2.384
2.608 1 0 2.608 0.016 0.2 2.392
2.616 1 0 2.616 0.016 0.2 2.4
2.624 1 0 2.624 0.016 0.2 2.408
2.632 1 0 2.632 0.016 0.2 2.416
2.64 1 0 2.64 0.016 0.2 2.424
2.648 1 0 2.648 0.016 0.2 2.432
2.656 1 0 2.656 0.016 0.2 2.44
2.664 1 0 2.664 0.016 0.2 2.448
2.672 1 0 2.672 0.016 0.2 2.456
2.68 1 0 2.68 0.016 0.2 2.464
2.688 1 0 2.688 0.016 0.2 2.472
2.696 1 0 2.696 0.016 0.2 2.48
2.704 1 0 2.704 0.016 0.2 2.488
2.712 1 0 2.712 0.016 0.2 2.496
2.72 1 0 2.72 0.016 0.2 2.504
2.728 1 0 2.728 0.016 0.2 2.512
2.736 1 0 2.736 0.016 0.2 2.52
2.744 1 0 2.744 0.016 0.2 2.528
2.752 1 0 2.752 0.016 0.2 2.536
2.76 1 0 2.76 0.016 0.2 2.544
2.768 1 0 2.768 0.016 0.2 2.552
2.776 1 0 2.776 0.016 0.2 2.56
2.784 1 0 2.784 0.016 0.2 2.568
2.792 1 0 2.792 0.016 0.2 2.576
2.8 1 0 2.8 0.016 0.2 2.584
2.808 1 0 2.808 0.016 0.2 2.592
2.816 1 0 2.816 0.016 0.2 2.6
2.824 1 0 2.824 0.016 0.2 2.608
2.832 1 0 2.832 0.016 0.2 2.616
2.84 1 0 2.84 0.016 0.2 2.624
2.848 1 0 2.848 0.016 0.2 2.632
2.856 1 0 2.856 0.016 0.2 2.64
2.864 1 0 2.864 0.016 0.2 2.648
2.872 1 0 2.872 0.016 0.2 2.656
2.88 1 0 2.88 0.016 0.2 2.664
2.888 1 0 2.888 0.016 0.2 2.672
2.896 1 0 2.896 0.016 0.2 2.68
2.904 1 0 2.904 0.016 0.2 2.688
2.912 1 0 2.912 0.016 0.2 2.696
2.92 1 0 2.92 0.016 0.2 2.704
2.928 1 0 2.928 0.016 0.2 2.712
2.936 1 0 2.936 0.016 0.2 2.72
2.944 1 0 2.944 0.016 0.2 2.728
2.952 1 0 2.952 0.016 0.2 2.736
2.96 1 0 2.96 0.016 0.2 2.744
2.968 1 0 2.968 0.016 0.2 2.752
2.976 1 0 2.976 0.016 0.2 2.76
2.984 1 0 2.984 0.016 0.2 2.768
2.992 1 0 2.992 0.016 0.2 2.776
3.0 1 0 3.0 0.016 0.2 2.784
3.008 1 0 3.008 0.016 0.2 2.792
3.016 1 0 3.016 0.016 0.2 2.8
3.024 1 0 3.024 0.016 0.2 2.808
3.032 1 0 3.032 0.016 0.2 2.816
3.04 1 0 3.04 0.016 0.2 2.824
3.048 1 0 3.048 0.016 0.2 2.832
3.056 1 0 3.056 0.016 0.2 2.84
3.064 1 0 3.064 0.016 0.2 2.848
3.072 1 0 3.072 0.016 0.2 2.856
3.08 1 0 3.08 0.016 0.2 2.864
3.088 1 0 3.088 0.016 0.2 2.872
3.096 1 0 3.096 0.016 0.2 2.88
3.104 1 0 3.104 0.016 0.2 2.888
3.112 1 0 3.112 0.016 0.2 2.896
3.12 1 0 3.12 0.016 0.2 2.904
3.128 1 0 3.128 0.016 0.2 2.912
3.136 1 0 3.136 0.016 0.2 2.92
3.144 1 0 3.144 0.016 0.2 2.928
3.152 1 0 3.152 0.016 0.2 2.936
3.16 1 0 3.16 0.016 0.2 2.944
3.168 1 0 3.168 0.016 0.2 2.952
3.176 1 0 3.176 0.016 0.2 2.96
3.184 1 0 3.184 0.016 0.2 2.968
3.192 1 0 3.192 0.016 0.2 2.976
3.2 1 0 3.2 0.016 0.2 2.984
3.208 1 0 3.208 0.016 0.2 2.992
3.216 1 0 3.216 0.016 0.2 3.0
3.224 1 0 3.224 0.016 0.2 3.008
3.232 1 0 3.232 0.016 0.2 3.016
3.24 1 0 3.24 0.016 0.2 3.024
3.248 1 0 3.248 0.016 0.2 3.032
3.256 1 0 3.256 0.016 0.2 3.04
3.264 1 0 3.264 0.016 0.2 3.048
3.272 1 0 3.272 0.016 0.2 3.056
3.28 1 0 3.28 0.016 0.2 3.064
3.288 1 0 3.288 0.016 0.2 3.072
3.296 1 0 3.296 0.016 0.2 3.08
3.304 1 0 3.304 0.016 0.2 3.088
3.312 1 0 3.312 0.016 0.2 3.096
3.32 1 0 3.32 0.016 0.2 3.104
3.328 1 0 3.328 0.016 0.2 3.112
3.336 1 0 3.336 0.016 0.2 3.12
3.344 1 0 3.344 0.016 0.2 3.128
3.352 1 0 3.352 0.016 0.2 3.136
3.36 1 0 3.36 0.016 0.2 3.144
3.368 1 0 3.368 0.016 0.2 3.152
3.376 1 0 3.376 0.016 0.2 3.16
3.384 1 0 3.384 0.016 0.2 3.168
3.392 1 0 3.392 0.016 0.2 3.176
3.4 1 0 3.4 0.016 0.2 3.184
3.408 1 0 3.408 0.016 0.2 3.192
3.416 1 0 3.416 0.016 0.2 3.2
3.424 1 0 3.424 0.016 0.2 3.208
3.432 1 0 3.432 0.016 0.2 3.216
3.44 1 0 3.44 0.016 0.2 3.224
3.448 1 0 3.448 0.016 0.2 3.232
3.456 1 0 3.456 0.016 0.2 3.24
3.464 1 0 3.464 0.016 0.2 3.248
3.472 1 0 3.472 0.016 0.2 3.256
3.48 1 0 3.48 0.016 0.2 3.264
3.488 1 0 3.488 0.016 0.2 3.272
3.496 1 0 3.496 0.016 0.2 3.28
3.504 1 0 3.504 0.016 0.2 3.288
3.512 1 0 3.512 0.016 0.2 3.296
3.52 1 0 3.52 0.016 0.2 3.304
3.528 1 0 3.528 0.016 0.2 3.312
3.536 1 0 3.536 0.016 0.2 3.32
3.544 1 0 3.544 0.016 0.2 3.328
3.552 1 0 3.552 0.016 0.2 3.336
3.56 1 0 3.56 0.016 0.2 3.344
3.568 1 0 3.568 0.016 0.2 3.352
3.576 1 0 3.576 0.016 0.2 3.36
3.584 1 0 3.584 0.016 0.2 3.368
3.592 1 0 3.592 0.016 0.2 3.376
3.6 1 0 3.6 0.016 0.2 3.384
3.608 1 0 3.608 0.016 0.2 3.392
3.616 1 0 3.616 0.016 0.2 3.4
3.624 1 0 3.624 0.016 0.2 3.408
3.632 1 0 3.632 0.016 0.2 3.416
3.64 1 0 3.64 0.016 0.2 3.424
3.648 1 0 3.648 0.016 0.2 3.432
3.656 1 0 3.656 0.016 0.2 3.44
3.664 1 0 3.664 0.016 0.2 3.448
3.672 1 0 3.672 0.016 0.2 3.456
3.68 1 0 3.68 0.016 0.2 3.464
3.688 1 0 3.688 0.016 0.2 3.472
3.696 1 0 3.696 0.016 0.2 3.48
3.704 1 0 3.704 0.016 0.2 3.488
3.712 1 0 3.712 0.016 0.2 3.496
3.72 1 0 3.72 0.016 0.2 3.504
3.728 1 0 3.728 0.016 0.2 3.512
3.736 1 0 3.736 0.016 0.2 3.52
3.744 1 0 3.744 0.016 0.2 3.528
3.752 1 0 3.752 0.016 0.2 3.536
3.76 1 0 3.76 0.016 0.2 3.544
3.768 1 0 3.768 0.016 0.2 3.552
3.776 1 0 3.776 0.016 0.2 3.56
3.784 1 0 3.784 0.016 0.2 3.568
3.792 1 0 3.792 0.016 0.2 3.576
3.8 1 0 3.8 0.016 0.2 3.584
3.808 1 0 3.808 0.016 0.2 3.592
3.816 1 0 3.816 0.016 0.2 3.6
3.824 1 0 3.824 0.016 0.2 3.608
3.832 1 0 3.832 0.016 0.2 3.616
3.84 1 0 3.84 0.016 0.2 3.624
3.848 1 0 3.848 0.016 0.2 3.632
3.856 1 0 3.856 0.016 0.2 3.64
3.864 1 0 3.864 0.016 0.2 3.648
3.872 1 0 3.872 0.016 0.2 3.656
3.88 1 0 3.88 0.016 0.2 3.664
3.888 1 0 3.888 0.016 0.2 3.672
3.896 1 0 3.896 0.016 0.2 3.68
3.904 1 0 3.904 0.016 0.2 3.688
3.912 1 0 3.912 0.016 0.2 3.696
3.92 1 0 3.92 0.016 0.2 3.704
3.928 1 0 3.928 0.016 0.2 3.712
3.936 1 0 3.936 0.016 0.2 3.72
3.944 1 0 3.944 0.016 0.2 3.728
3.952 1 0 3.952 0.016 0.2 3.736
3.96 1 0 3.96 0.016 0.2 3.744
3.968 1 0 3.968 0.016 0.2 3.752
3.976 1 0 3.976 0.016 0.2 3.76
3.984 1 0 3.984 0.016 0.2 3.768
3.992 1 0 3.992 0.016 0.2 3.776
4.0 1 0 4.0 0.016 0.2 3.784
4.008 1 0 4.008 0.016 0.2 3.792
4.016 1 0 4.016 0.016 0.2 3.8
4.024 1 0 4.024 0.016 0.2 3.808
4.032 1 0 4.032 0.016 0.2 3.816
4.04 1 0 4.04 0.016 0.2 3.824
4.048 1 0 4.048 0.016 0.2 3.832
4.056 1 0 4.056 0.016 0.2 3.84
4.064 1 0 4.064 0.016 0.2 3.848
4.072 1 0 4.072 0.016 0.2 3.856
4.08 1 0 4.08 0.016 0.2 3.864
4.088 1 0 4.088 0.016 0.2 3.872
4.096 1 0 4.096 0.016 0.2 3.88
4.104 1 0 4.104 0.016 0.2 3.888
4.112 1 0 4.112 0.016 0.2 3.896
4.12 1 0 4.12 0.016 0.2 3.904
4.128 1 0 4.128 0.016 0.2 3.912
4.136 1 0 4.136 0.016 0.2 3.92
4.144 1 0 4.144 0.016 0.2 3.928
4.152 1 0 4.152 0.016 0.2 3.936
4.16 1 0 4.16 0.016 0.2 3.944
4.168 1 0 4.168 0.016 0.2 3.952
4.176 1 0 4.176 0.016 0.2 3.96
4.184 1 0 4.184 0.016 0.2 3.968
4.192 1 0 4.192 0.016 0.2 3.976
4.2 1 0 4.2 0.016 0.2 3.984
4.208 1 0 4.208 0.016 0.2 3.992
4.216 1 0 4.216 0.016 0.2 4.0
4.224 1 0 4.224 0.016 0.2 4.008
4.232 1 0 4.232 0.016 0.2 4.016
4.24 1 0 4.24 0.016 0.2 4.024
4.248 1 0 4.248 0.016 0.2 4.032
4.256 1 0 4.256 0.016 0.2 4.04
4.264 1 0 4.264 0.016 0.2 4.048
4.272 1 0 4.272 0.016 0.2 4.056
4.28 1 0 4.28 0.016 0.2 4.064
4.288 1 0 4.288 0.016 0.2 4.072
4.296 1 0 4.296 0.016 0.2 4.08
4.304 1 0 4.304 0.016 0.2 4.088
4.312 1 0 4.312 0.016 0.2 4.096
4.32 1 0 4.32 0.016 0.2 4.104
4.328 1 0 4.328 0.016 0.2 4.112
4.336 1 0 4.336 0.016 0.2 4.12
4.344 1 0 4.344 0.016 0.2 4.128
4.352 1 0 4.352 0.016 0.2 4.136
4.36 1 0 4.36 0.016 0.2 4.144
4.368 1 0 4.368 0.016 0.2 4.152
4.376 1 0 4.376 0.016 0.2 4.16
4.384 1 0 4.384 0.016 0.2 4.168
4.392 1 0 4.392 0.016 0.2 4.176
4.4 1 0 4.4 0.016 0.2 4.184
4.408 1 0 4.408 0.016 0.2 4.192
4.416 1 0 4.416 0.016 0.2 4.2
4.424 1 0 4.424 0.016 0.2 4.208
4.432 1 0 4.432 0.016 0.2 4.216
4.44 1 0 4.44 0.016 0.2 4.224
4.448 1 0 4.448 0.016 0.2 4.232
4.456 1 0 4.456 0.016 0.2 4.24
4.464 1 0 4.464 0.016 0.2 4.248
4.472 1 0 4.472 0.016 0.2 4.256
4.48 1 0 4.48 0.016 0.2 4.264
4.488 1 0 4.488 0.016 0.2 4.272
4.496 1 0 4.496 0.016 0.2 4.28
4.504 1 0 4.504 0.016 0.2 4.288
4.512 1 0 4.512 0.016 0.2 4.296
4.52 1 0 4.52 0.016 0.2 4.304
4.528 1 0 4.528 0.016 0.2 4.312
4.536 1 0 4.536 0.016 0.2 4.32
4.544 1 0 4.544 0.016 0.2 4.328
4.552 1 0 4.552 0.016 0.2 4.336
4.56 1 0 4.56 0.016 0.2 4.344
4.568 1 0 4.568 0.016 0.2 4.352
4.576 1 0 4.576 0.016 0.2 4.36
4.584 1 0 4.584 0.016 0.2 4.368
4.592 1 0 4.592 0.016 0.2 4.376
4.6 1 0 4.6 0.016 0.2 4.384
4.608 1 0 4.608 0.016 0.2 4.392
4.616 1 0 4.616 0.016 0.2 4.4
4.624 1 0 4.624 0.016 0.2 4.408
4.632 1 0 4.632 0.016 0.2 4.416
4.64 1 0 4.64 0.016 0.2 4.424
4.648 1 0 4.648 0.016 0.2 4.432
4.656 1 0 4.656 0.016 0.2 4.44
4.664 1 0 4.664 0.016 0.2 4.448
4.672 1 0 4.672 0.016 0.2 4.456
4.68 1 0 4.68 0.016 0.2 4.464
4.688 1 0 4.688 0.016 0.2 4.472
4.696 1 0 4.696 0.016 0.2 4.48
4.704 1 0 4.704 0.016 0.2 4.488
4.712 1 0 4.712 0.016 0.2 4.496
4.72 1 0 4.72 0.016 0.2 4.504
4.728 1 0 4.728 0.016 0.2 4.512
4.736 1 0 4.736 0.016 0.2 4.52
4.744 1 0 4.744 0.016 0.2 4.528
4.752 1 0 4.752 0.016 0.2 4.536
4.76 1 0 4.76 0.016 0.2 4.544
4.768 1 0 4.768 0.016 0.2 4.552
4.776 1 0 4.776 0.016 0.2 4.56
4.784 1 0 4.784 0.016 0.2 4.568
4.792 1 0 4.792 0.016 0.2 4.576
4.8 1 0 4.8 0.016 0.2 4.584
4.808 1 0 4.808 0.016 0.2 4.592
4.816 1 0 4.816 0.016 0.2 4.6
4.824 1 0 4.824 0.016 0.2 4.608
4.832 1 0 4.832 0.016 0.2 4.616
4.84 1 0 4.84 0.016 0.2 4.624
4.848 1 0 4.848 0.016 0.2 4.632
4.856 1 0 4.856 0.016 0.2 4.64
4.864 1 0 4.864 0.016 0.2 4.648
4.872 1 0 4.872 0.016 0.2 4.656
4.88 1 0 4.88 0.016 0.2 4.664
4.888 1 0 4.888 0.016 0.2 4.672
4.896 1 0 4.896 0.016 0.2 4.68
4.904 1 0 4.904 0.016 0.2 4.688
4.912 1 0 4.912 0.016 0.2 4.696
4.92 1 0 4.92 0.016 0.2 4.704
4.928 1 0 4.928 0.016 0.2 4.712
4.936 1 0 4.936 0.016 0.2 4.72
4.944 1 0 4.944 0.016 0.2 4.728
4.952 1 0 4.952 0.016 0.2 4.736
4.96 1 0 4.96 0.016 0.2 4.744
4.968 1 0 4.968 0.016 0.2 4.752
4.976 1 0 4.976 0.016 0.2 4.76
4.984 1 0 4.984 0.016 0.2 4.768
4.992 1 0 4.992 0.016 0.2 4.776
5.0 1 0 5.0 0.016 0.2 4.784
5.008 1 0 5.008 0.016 0.2 4.792
5.016 1 0 5.016 0.016 0.2 4.8
5.024 1 0 5.024 0.016 0.2 4.808
5.032 1 0 5.032 0.016 0.2 4.816
5.04 1 0 5.04 0.016 0.2 4.824
5.048 1 0 5.048 0.016 0.2 4.832
5.056 1 0 5.056 0.016 0.2 4.84
5.064 1 0 5.064 0.016 0.2 4.848
5.072 1 0 5.072 0.016 0.2 4.856
5.08 1 0 5.08 0.016 0.2 4.864
5.088 1 0 5.088 0.016 0.2 4.872
5.096 1 0 5.096 0.016 0.2 4.88
5.104 1 0 5.104 0.016 0.2 4.888
5.112 1 0 5.112 0.016 0.2 4.896
5.12 1 0 5.12 0.016 0.2 4.904
5.128 1 0 5.128 0.016 0.2 4.912
5.136 1 0 5.136 0.016 0.2 4.92
5.144 1 0 5.144 0.016 0.2 4.928
5.152 1 0 5.152 0.016 0.2 4.936
5.16 1 0 5.16 0.016 0.2 4.944
5.168 1 0 5.168 0.016 0.2 4.952
5.176 1 0 5.176 0.016 0.2 4.96
5.184 1 0 5.184 0.016 0.2 4.968
5.192 1 0 5.192 0.016 0.2 4.976
5.2 1 0 5.2 0.016 0.2 4.984
5.208 1 0 5.208 0.016 0.2 4.992
5.216 1 0 5.216 0.016 0.2 5.0
5.224 1 0 5.224 0.016 0.2 5.008
5.232 1 0 5.232 0.016 0.2 5.016
5.24 1 0 5.24 0.016 0.2 5.024
5.248 1 0 5.248 0.016 0.2 5.032
5.256 1 0 5.256 0.016 0.2 5.04
5.264 1 0 5.264 0.016 0.2 5.048
5.272 1 0 5.272 0.016 0.2 5.056
5.28 1 0 5.28 0.016 0.2 5.064
5.288 1 0 5.288 0.016 0.2 5.072
5.296 1 0 5.296 0.016 0.2 5.08
5.304 1 0 5.304 0.016 0.2 5.088
5.312 1 0 5.312 0.016 0.2 5.096
5.32 1 0 5.32 0.016 0.2 5.104
5.328 1 0 5.328 0.016 0.2 5.112
5.336 1 0 5.336 0.016 0.2 5.12
5.344 1 0 5.344 0.016 0.2 5.128
5.352 1 0 5.352 0.016 0.2 5.136
5.36 1 0 5.36 0.016 0.2 5.144
5.368 1 0 5.368 0.016 0.2 5.152
5.376 1 0 5.376 0.016 0.2 5.16
5.384 1 0 5.384 0.016 0.2 5.168
5.392 1 0 5.392 0.016 0.2 5.176
5.4 1 0 5.4 0.016 0.2 5.184
5.408 1 0 5.408 0.016 0.2 5.192
5.416 1 0 5.416 0.016 0.2 5.2
5.424 1 0 5.424 0.016 0.2 5.208
5.432 1 0 5.432 0.016 0.2 5.216
5.44 1 0 5.44 0.016 0.2 5.224
5.448 1 0 5.448 0.016 0.2 5.232
5.456 1 0 5.456 0.016 0.2 5.24
5.464 1 0 5.464 0.016 0.2 5.248
5.472 1 0 5.472 0.016 0.2 5.256
5.48 1 0 5.48 0.016 0.2 5.264
5.488 1 0 5.488 0.016 0.2 5.272
5.496 1 0 5.496 0.016 0.2 5.28
5.504 1 0 5.504 0.016 0.2 5.288
5.512 1 0 5.512 0.016 0.2 5.296
5.52 1 0 5.52 0.016 0.2 5.304
5.528 1 0 5.528 0.016 0.2 5.312
5.536 1 0 5.536 0.016 0.2 5.32
5.544 1 0 5.544 0.016 0.2 5.328
5.552 1 0 5.552 0.016 0.2 5.336
5.56 1 0 5.56 0.016 0.2 5.344
5.568 1 0 5.568 0.016 0.2 5.352
5.576 1 0 5.576 0.016 0.2 5.36
5.584 1 0 5.584 0.016 0.2 5.368
5.592 1 0 5.592 0.016 0.2 5.376
5.6 1 0 5.6 0.016 0.2 5.384
5.608 1 0 5.608 0.016 0.2 5.392
5.616 1 0 5.616 0.016 0.2 5.4
5.624 1 0 5.624 0.016 0.2 5.408
5.632 1 0 5.632 0.016 0.2 5.416
5.64 1 0 5.64 0.016 0.2 5.424
5.648 1 0 5.648 0.016 0.2 5.432
5.656 1 0 5.656 0.016 0.2 5.44
5.664 1 0 5.664 0.016 0.2 5.448
5.672 1 0 5.672 0.016 0.2 5.456
5.68 1 0 5.68 0.016 0.2 5.464
5.688 1 0 5.688 0.016 0.2 5.472
5.696 1 0 5.696 0.016 0.2 5.48
5.704 1 0 5.704 0.016 0.2 5.488
5.712 1 0 5.712 0.016 0.2 5.496
5.72 1 0 5.72 0.016 0.2 5.504
5.728 1 0 5.728 0.016 0.2 5.512
5.736 1 0 5.736 0.016 0.2 5.52
5.744 1 0 5.744 0.016 0.2 5.528
5.752 1 0 5.752 0.016 0.2 5.536
5.76 1 0 5.76 0.016 0.2 5.544
5.768 1 0 5.768 0.016 0.2 5.552
5.776 1 0 5.776 0.016 0.2 5.56
5.784 1 0 5.784 0.016 0.2 5.568
5.792 1 0 5.792 0.016 0.2 5.576
5.8 1 0 5.8 0.016 0.2 5.584
5.808 1 0 5.808 0.016 0.2 5.592
5.816 1 0 5.816 0.016 0.2 5.6
5.824 1 0 5.824 0.016 0.2 5.608
5.832 1 0 5.832 0.016 0.2 5.616
5.84 1 0 5.84 0.016 0.2 5.624
5.848 1 0 5.848 0.016 0.2 5.632
5.856 1 0 5.856 0.016 0.2 5.64
5.864 1 0 5.864 0.016 0.2 5.648
5.872 1 0 5.872 0.016 0.2 5.656
5.88 1 0 5.88 0.016 0.2 5.664
5.888 1 0 5.888 0.016 0.2 5.672
5.896 1 0 5.896 0.016 0.2 5.68
5.904 1 0 5.904 0.016 0.2 5.688
5.912 1 0 5.912 0.016 0.2 5.696
5.92 1 0 5.92 0.016 0.2 5.704
5.928 1 0 5.928 0.016 0.2 5.712
5.936 1 0 5.936 0.016 0.2 5.72
5.944 1 0 5.944 0.016 0.2 5.728
5.952 1 0 5.952 0.016 0.2 5.736
5.96 1 0 5.96 0.016 0.2 5.744
5.968 1 0 5.968 0.016 0.2 5.752
5.976 1 0 5.976 0.016 0.2 5.76
5.984 1 0 5.984 0.016 0.2 5.768
5.992 1 0 5.992 0.016 0.2 5.776
6.0 1 0 6.0 0.016 0.2 5.784
6.008 1 0 6.008 0.016 0.2 5.792
6.016 1 0 6.016 0.016 0.2 5.8
6.024 1 0 6.024 0.016 0.2 5.808
6.032 1 0 6.032 0.016 0.2 5.816
6.04 1 0 6.04 0.016 0.2 5.824
6.048 1 0 6.048 0.016 0.2 5.832
6.056 1 0 6.056 0.016 0.2 5.84
6.064 1 0 6.064 0.016 0.2 5.848
6.072 1 0 6.072 0.016 0.2 5.856
6.08 1 0 6.08 0.016 0.2 5.864
6.088 1 0 6.088 0.016 0.2 5.872
6.096 1 0 6.096 0.016 0.2 5.88
6.104 1 0 6.104 0.016 0.2 5.888
6.112 1 0 6.112 0.016 0.2 5.896
6.12 1 0 6.12 0.016 0.2 5.904
6.128 1 0 6.128 0.016 0.2 5.912
6.136 1 0 6.136 0.016 0.2 5.92
6.144 1 0 6.144 0.016 0.2 5.928
6.152 1 0 6.152 0.016 0.2 5.936
6.16 1 0 6.16 0.016 0.2 5.944
6.168 1 0 6.168 0.016 0.2 5.952
6.176 1 0 6.176 0.016 0.2 5.96
6.184 1 0 6.184 0.016 0.2 5.968
6.192 1 0 6.192 0.016 0.2 5.976
6.2 1 0 6.2 0.016 0.2 5.984
6.208 1 0 6.208 0.016 0.2 5.992
6.216 1 0 6.216 0.016 0.2 6.0
6.224 1 0 6.224 0.016 0.2 6.008
6.232 1 0 6.232 0.016 0.2 6.016
6.24 1 0 6.24 0.016 0.2 6.024
6.248 1 0 6.248 0.016 0.2 6.032
6.256 1 0 6.256 0.016 0.2 6.04
6.264 1 0 6.264 0.016 0.2 6.048
6.272 1 0 6.272 0.016 0.2 6.056
6.28 1 0 6.28 0.016 0.2 6.064
6.288 1 0 6.288 0.016 0.2 6.072
6.296 1 0 6.296 0.016 0.2 6.08
6.304 1 0 6.304 0.016 0.2 6.088
6.312 1 0 6.312 0.016 0.2 6.096
6.32 1 0 6.32 0.016 0.2 6.104
6.328 1 0 6.328 0.016 0.2 6.112
6.336 1 0 6.336 0.016 0.2 6.12
6.344 1 0 6.344 0.016 0.2 6.128
6.352 1 0 6.352 0.016 0.2 6.136
6.36 1 0 6.36 0.016 0.2 6.144
6.368 1 0 6.368 0.016 0.2 6.152
6.376 1 0 6.376 0.016 0.2 6.16
6.384 1 0 6.384 0.016 0.2 6.168
6.392 1 0 6.392 0.016 0.2 6.176
6.4 1 0 6.4 0.016 0.2 6.184
6.408 1 0 6.408 0.016 0.2 6.192
6.416 1 0 6.416 0.016 0.2 6.2
6.424 1 0 6.424 0.016 0.2 6.208
6.432 1 0 6.432 0.016 0.2 6.216
6.44 1 0 6.44 0.016 0.2 6.224
6.448 1 0 6.448 0.016 0.2 6.232
6.456 1 0 6.456 0.016 0.2 6.24
6.464 1 0 6.464 0.016 0.2 6.248
6.472 1 0 6.472 0.016 0.2 6.256
6.48 1 0 6.48 0.016 0.2 6.264
6.488 1 0 6.488 0.016 0.2 6.272
6.496 1 0 6.496 0.016 0.2 6.28
6.504 1 0 6.504 0.016 0.2 6.288
6.512 1 0 6.512 0.016 0.2 6.296
6.52 1 0 6.52 0.016 0.2 6.304
6.528 1 0 6.528 0.016 0.2 6.312
6.536 1 0 6.536 0.016 0.2 6.32
6.544 1 0 6.544 0.016 0.2 6.328
6.552 1 0 6.552 0.016 0.2 6.336
6.56 1 0 6.56 0.016 0.2 6.344
6.568 1 0 6.568 0.016 0.2 6.352
6.576 1 0 6.576 0.016 0.2 6.36
6.584 1 0 6.584 0.016 0.2 6.368
6.592 1 0 6.592 0.016 0.2 6.376
6.6 1 0 6.6 0.016 0.2 6.384
6.608 1 0 6.608 0.016 0.2 6.392
6.616 1 0 6.616 0.016 0.2 6.4
6.624 1 0 6.624 0.016 0.2 6.408
6.632 1 0 6.632 0.016 0.2 6.416
6.64 1 0 6.64 0.016 0.2 6.424
6.648 1 0 6.648 0.016 0.2 6.432
6.656 1 0 6.656 0.016 0.2 6.44
6.664 1 0 6.664 0.016 0.2 6.448
6.672 1 0 6.672 0.016 0.2 6.456
6.68 1 0 6.68 0.016 0.2 6.464
6.688 1 0 6.688 0.016 0.2 6.472
6.696 1 0 6.696 0.016 0.2 6.48
6.704 1 0 6.704 0.016 0.2 6.488
6.712 1 0 6.712 0.016 0.2 6.496
6.72 1 0 6.72 0.016 0.2 6.504
6.728 1 0 6.728 0.016 0.2 6.512
6.736 1 0 6.736 0.016 0.2 6.52
6.744 1 0 6.744 0.016 0.2 6.528
6.752 1 0 6.752 0.016 0.2 6.536
6.76 1 0 6.76 0.016 0.2 6.544
6.768 1 0 6.768 0.016 0.2 6.552
6.776 1 0 6.776 0.016 0.2 6.56
6.784 1 0 6.784 0.016 0.2 6.568
6.792 1 0 6.792 0.016 0.2 6.576
6.8 1 0 6.8 0.016 0.2 6.584
6.808 1 0 6.808 0.016 0.2 6.592
6.816 1 0 6.816 0.016 0.2 6.6
6.824 1 0 6.824 0.016 0.2 6.608
6.832 1 0 6.832 0.016 0.2 6.616
6.84 1 0 6.84 0.016 0.2 6.624
6.848 1 0 6.848 0.016 0.2 6.632
6.856 1 0 6.856 0.016 0.2 6.64
6.864 1 0 6.864 0.016 0.2 6.648
6.872 1 0 6.872 0.016 0.2 6.656
6.88 1 0 6.88 0.016 0.2 6.664
6.888 1 0 6.888 0.016 0.2 6.672
6.896 1 0 6.896 0.016 0.2 6.68
6.904 1 0 6.904 0.016 0.2 6.688
6.912 1 0 6.912 0.016 0.2 6.696
6.92 1 0 6.92 0.016 0.2 6.704
6.928 1 0 6.928 0.016 0.2 6.712
6.936 1 0 6.936 0.016 0.2 6.72
6.944 1 0 6.944 0.016 0.2 6.728
6.952 1 0 6.952 0.016 0.2 6.736
6.96 1 0 6.96 0.016 0.2 6.744
6.968 1 0 6.968 0.016 0.2 6.752
6.976 1 0 6.976 0.016 0.2 6.76
6.984 1 0 6.984 0.016 0.2 6.768
6.992 1 0 6.992 0.016 0.2 6.776
7.0 1 0 7.0 0.016 0.2 6.784
7.008 1 0 7.008 0.016 0.2 6.792
7.016 1 0 7.016 0.016 0.2 6.8
7.024 1 0 7.024 0.016 0.2 6.808
7.032 1 0 7.032 0.016 0.2 6.816
7.04 1 0 7.04 0.016 0.2 6.824
7.048 1 0 7.048 0.016 0.2 6.832
7.056 1 0 7.056 0.016 0.2 6.84
7.064 1 0 7.064 0.016 0.2 6.848
7.072 1 0 7.072 0.016 0.2 6.856
7.08 1 0 7.08 0.016 0.2 6.864
7.088 1 0 7.088 0.016 0.2 6.872
7.096 1 0 7.096 0.016 0.2 6.88
7.104 1 0 7.104 0.016 0.2 6.888
7.112 1 0 7.112 0.016 0.2 6.896
7.12 1 0 7.12 0.016 0.2 6.904
7.128 1 0 7.128 0.016 0.2 6.912
7.136 1 0 7.136 0.016 0.2 6.92
7.144 1 0 7.144 0.016 0.2 6.928
7.152 1 0 7.152 0.016 0.2 6.936
7.16 1 0 7.16 0.016 0.2 6.944
7.168 1 0 7.168 0.016 0.2 6.952
7.176 1 0 7.176 0.016 0.2 6.96
7.184 1 0 7.184 0.016 0.2 6.968
7.192 1 0 7.192 0.016 0.2 6.976
7.2 1 0 7.2 0.016 0.2 6.984
7.208 1 0 7.208 0.016 0.2 6.992
7.216 1 0 7.216 0.016 0.2 7.0
7.224 1 0 7.224 0.016 0.2 7.008
7.232 1 0 7.232 0.016 0.2 7.016
7.24 1 0 7.24 0.016 0.2 7.024
7.248 1 0 7.248 0.016 0.2 7.032
7.256 1 0 7.256 0.016 0.2 7.04
7.264 1 0 7.264 0.016 0.2 7.048
7.272 1 0 7.272 0.016 0.2 7.056
7.28 1 0 7.28 0.016 0.2 7.064
7.288 1 0 7.288 0.016 0.2 7.072
7.296 1 0 7.296 0.016 0.2 7.08
7.304 1 0 7.304 0.016 0.2 7.088
7.312 1 0 7.312 0.016 0.2 7.096
7.32 1 0 7.32 0.016 0.2 7.104
7.328 1 0 7.328 0.016 0.2 7.112
7.336 1 0 7.336 0.016 0.2 7.12
7.344 1 0 7.344 0.016 0.2 7.128
7.352 1 0 7.352 0.016 0.2 7.136
7.36 1 0 7.36 0.016 0.2 7.144
7.368 1 0 7.368 0.016 0.2 7.152
7.376 1 0 7.376 0.016 0.2 7.16
7.384 1 0 7.384 0.016 0.2 7.168
7.392 1 0 7.392 0.016 0.2 7.176
7.4 1 0 7.4 0.016 0.2 7.184
7.408 1 0 7.408 0.016 0.2 7.192
7.416 1 0 7.416 0.016 0.2 7.2
7.424 1 0 7.424 0.016 0.2 7.208
7.432 1 0 7.432 0.016 0.2 7.216
7.44 1 0 7.44 0.016 0.2 7.224
7.448 1 0 7.448 0.016 0.2 7.232
7.456 1 0 7.456 0.016 0.2 7.24
7.464 1 0 7.464 0.016 0.2 7.248
7.472 1 0 7.472 0.016 0.2 7.256
7.48 1 0 7.48 0.016 0.2 7.264
7.488 1 0 7.488 0.016 0.2 7.272
7.496 1 0 7.496 0.016 0.2 7.28
7.504 1 0 7.504 0.016 0.2 7.288
7.512 1 0 7.512 0.016 0.2 7.296
7.52 1 0 7.52 0.016 0.2 7.304
7.528 1 0 7.528 0.016 0.2 7.312
7.536 1 0 7.536 0.016 0.2 7.32
7.544 1 0 7.544 0.016 0.2 7.328
7.552 1 0 7.552 0.016 0.2 7.336
7.56 1 0 7.56 0.016 0.2 7.344
7.568 1 0 7.568 0.016 0.2 7.352
7.576 1 0 7.576 0.016 0.2 7.36
7.584 1 0 7.584 0.016 0.2 7.368
7.592 1 0 7.592 0.016 0.2 7.376
7.6 1 0 7.6 0.016 0.2 7.384
7.608 1 0 7.608 0.016 0.2 7.392
7.616 1 0 7.616 0.016 0.2 7.4
7.624 1 0 7.624 0.016 0.2 7.408
7.632 1 0 7.632 0.016 0.2 7.416
7.64 1 0 7.64 0.016 0.2 7.424
7.648 1 0 7.648 0.016 0.2 7.432
7.656 1 0 7.656 0.016 0.2 7.44
7.664 1 0 7.664 0.016 0.2 7.448
7.672 1 0 7.672 0.016 0.2 7.456
7.68 1 0 7.68 0.016 0.2 7.464
7.688 1 0 7.688 0.016 0.2 7.472
7.696 1 0 7.696 0.016 0.2 7.48
7.704 1 0 7.704 0.016 0.2 7.488
7.712 1 0 7.712 0.016 0.2 7.496
7.72 1 0 7.72 0.016 0.2 7.504
7.728 1 0 7.728 0.016 0.2 7.512
7.736 1 0 7.736 0.016 0.2 7.52
7.744 1 0 7.744 0.016 0.2 7.528
7.752 1 0 7.752 0.016 0.2 7.536
7.76 1 0 7.76 0.016 0.2 7.544
7.768 1 0 7.768 0.016 0.2 7.552
7.776 1 0 7.776 0.016 0.2 7.56
7.784 1 0 7.784 0.016 0.2 7.568
7.792 1 0 7.792 0.016 0.2 7.576
7.8 1 0 7.8 0.016 0.2 7.584
7.808 1 0 7.808 0.016 0.2 7.592
7.816 1 0 7.816 0.016 0.2 7.6
7.824 1 0 7.824 0.016 0.2 7.608
7.832 1 0 7.832 0.016 0.2 7.616
7.84 1 0 7.84 0.016 0.2 7.624
7.848 1 0 7.848 0.016 0.2 7.632
7.856 1 0 7.856 0.016 0.2 7.64
7.864 1 0 7.864 0.016 0.2 7.648
7.872 1 0 7.872 0.016 0.2 7.656
7.88 1 0 7.88 0.016 0.2 7.664
7.888 1 0 7.888 0.016 0.2 7.672
7.896 1 0 7.896 0.016 0.2 7.68
7.904 1 0 7.904 0.016 0.2 7.688
7.912 1 0 7.912 0.016 0.2 7.696
7.92 1 0 7.92 0.016 0.2 7.704
7.928 1 0 7.928 0.016 0.2 7.712
7.936 1 0 7.936 0.016 0.2 7.72
7.944 1 0 7.944 0.016 0.2 7.728
7.952 1 0 7.952 0.016 0.2 7.736
7.96 1 0 7.96 0.016 0.2 7.744
7.968 1 0 7.968 0.016 0.2 7.752
7.976 1 0 7.976 0.016 0.2 7.76
7.984 1 0 7.984 0.016 0.2 7.768
7.992 1 0 7.992 0.016 0.2 7.776
8.0 1 0 8.0 0.016 0.2 7.784
8.008 1 0 8.008 0.016 0.2 7.792
8.016 1 0 8.016 0.016 0.2 7.8
8.024 1 0 8.024 0.016 0.2 7.808
8.032 1 0 8.032 0.016 0.2 7.816
8.04 1 0 8.04 0.016 0.2 7.824
8.048 1 0 8.048 0.016 0.2 7.832
8.056 1 0 8.056 0.016 0.2 7.84
8.064 1 0 8.064 0.016 0.2 7.848
8.072 1 0 8.072 0.016 0.2 7.856
8.08 1 0 8.08 0.016 0.2 7.864
8.088 1 0 8.088 0.016 0.2 7.872
8.096 1 0 8.096 0.016 0.2 7.88
8.104 1 0 8.104 0.016 0.2 7.888
8.112 1 0 8.112 0.016 0.2 7.896
8.12 1 0 8.12 0.016 0.2 7.904
8.128 1 0 8.128 0.016 0.2 7.912
8.136 1 0 8.136 0.016 0.2 7.92
8.144 1 0 8.144 0.016 0.2 7.928
8.152 1 0 8.152 0.016 0.2 7.936
8.16 1 0 8.16 0.016 0.2 7.944
8.168 1 0 8.168 0.016 0.2 7.952
8.176 1 0 8.176 0.016 0.2 7.96
8.184 1 0 8.184 0.016 0.2 7.968
8.192 1 0 8.192 0.016 0.2 7.976
8.2 1 0 8.2 0.016 0.2 7.984
8.208 1 0 8.208 0.016 0.2 7.992