0.200016 1 0 0.200016 1.6e-05 0.2 0.0
0.200024 1 0 0.200024 1.6e-05 0.2 8e-06
0.200032 1 0 0.200032 1.6e-05 0.2 1.6e-05
0.20004 1 0 0.20004 1.6e-05 0.2 2.4e-05
0.200048 1 0 0.200048 1.6e-05 0.2 3.2e-05
0.200056 1 0 0.200056 1.6e-05 0.2 4e-05
0.200064 1 0 0.200064 1.6e-05 0.2 4.8e-05
0.200072 1 0 0.200072 1.6e-05 0.2 5.6e-05
0.20008 1 0 0.20008 1.6e-05 0.2 6.4e-05
0.200088 1 0 0.200088 1.6e-05 0.2 7.2e-05
0.200096 1 0 0.200096 1.6e-05 0.2 8e-05
0.200104 1 0 0.200104 1.6e-05 0.2 8.8e-05
0.200112 1 0 0.200112 1.6e-05 0.2 9.6e-05
0.20012 1 0 0.20012 1.6e-05 0.2 0.000104
0.200128 1 0 0.200128 1.6e-05 0.2 0.000112
0.200136 1 0 0.200136 1.6e-05 0.2 0.00012
0.200144 1 0 0.200144 1.6e-05 0.2 0.000128
0.200152 1 0 0.200152 1.6e-05 0.2 0.000136
0.20016 1 0 0.20016 1.6e-05 0.2 0.000144
0.200168 1 0 0.200168 1.6e-05 0.2 0.000152
0.200176 1 0 0.200176 1.6e-05 0.2 0.00016
0.200184 1 0 0.200184 1.6e-05 0.2 0.000168
0.200192 1 0 0.200192 1.6e-05 0.2 0.000176
0.2002 1 0 0.2002 1.6e-05 0.2 0.000184
0.200208 1 0 0.200208 1.6e-05 0.2 0.000192
0.200216 1 0 0.200216 1.6e-05 0.2 0.0002
0.200224 1 0 0.200224 1.6e-05 0.2 0.000208
0.200232 1 0 0.200232 1.6e-05 0.2 0.000216
0.20024 1 0 0.20024 1.6e-05 0.2 0.000224
0.200248 1 0 0.200248 1.6e-05 0.2 0.000232
0.200256 1 0 0.200256 1.6e-05 0.2 0.00024
0.200264 1 0 0.200264 1.6e-05 0.2 0.000248
0.200272 1 0 0.200272 1.6e-05 0.2 0.000256
0.20028 1 0 0.20028 1.6e-05 0.2 0.000264
0.200288 1 0 0.200288 1.6e-05 0.2 0.000272
0.200296 1 0 0.200296 1.6e-05 0.2 0.00028
0.200304 1 0 0.200304 1.6e-05 0.2 0.000288
0.200312 1 0 0.200312 1.6e-05 0.2 0.000296
0.20032 1 0 0.20032 1.6e-05 0.2 0.000304
0.200328 1 0 0.200328 1.6e-05 0.2 0.000312
0.200336 1 0 0.200336 1.6e-05 0.2 0.00032
0.200344 1 0 0.200344 1.6e-05 0.2 0.000328
0.200352 1 0 0.200352 1.6e-05 0.2 0.000336
0.20036 1 0 0.20036 1.6e-05 0.2 0.000344
0.200368 1 0 0.200368 1.6e-05 0.2 0.000352
0.200376 1 0 0.200376 1.6e-05 0.2 0.00036
0.200384 1 0 0.200384 1.6e-05 0.2 0.000368
0.200392 1 0 0.200392 1.6e-05 0.2 0.000376
0.2004 1 0 0.2004 1.6e-05 0.2 0.000384
0.200408 1 0 0.200408 1.6e-05 0.2 0.000392
0.200416 1 0 0.200416 1.6e-05 0.2 0.0004
0.200424 1 0 0.200424 1.6e-05 0.2 0.000408
0.200432 1 0 0.200432 1.6e-05 0.2 0.000416
0.20044 1 0 0.20044 1.6e-05 0.2 0.000424
0.200448 1 0 0.200448 1.6e-05 0.2 0.000432
0.200456 1 0 0.200456 1.6e-05 0.2 0.00044
0.200464 1 0 0.200464 1.6e-05 0.2 0.000448
0.200472 1 0 0.200472 1.6e-05 0.2 0.000456
0.20048 1 0 0.20048 1.6e-05 0.2 0.000464
0.200488 1 0 0.200488 1.6e-05 0.2 0.000472
0.200496 1 0 0.200496 1.6e-05 0.2 0.00048
0.200504 1 0 0.200504 1.6e-05 0.2 0.000488
0.200512 1 0 0.200512 1.6e-05 0.2 0.000496
0.20052 1 0 0.20052 1.6e-05 0.2 0.000504
0.200528 1 0 0.200528 1.6e-05 0.2 0.000512
0.200536 1 0 0.200536 1.6e-05 0.2 0.00052
0.200544 1 0 0.200544 1.6e-05 0.2 0.000528
0.200552 1 0 0.200552 1.6e-05 0.2 0.000536
0.20056 1 0 0.20056 1.6e-05 0.2 0.000544
0.200568 1 0 0.200568 1.6e-05 0.2 0.000552
0.200576 1 0 0.200576 1.6e-05 0.2 0.00056
0.200584 1 0 0.200584 1.6e-05 0.2 0.000568
0.200592 1 0 0.200592 1.6e-05 0.2 0.000576
0.2006 1 0 0.2006 1.6e-05 0.2 0.000584
0.200608 1 0 0.200608 1.6e-05 0.2 0.000592
0.200616 1 0 0.200616 1.6e-05 0.2 0.0006
0.200624 1 0 0.200624 1.6e-05 0.2 0.000608
0.200632 1 0 0.200632 1.6e-05 0.2 0.000616
0.20064 1 0 0.20064 1.6e-05 0.2 0.000624
0.200648 1 0 0.200648 1.6e-05 0.2 0.000632
0.200656 1 0 0.200656 1.6e-05 0.2 0.00064
0.200664 1 0 0.200664 1.6e-05 0.2 0.000648
0.200672 1 0 0.200672 1.6e-05 0.2 0.000656
0.20068 1 0 0.20068 1.6e-05 0.2 0.000664
0.200688 1 0 0.200688 1.6e-05 0.2 0.000672
0.200696 1 0 0.200696 1.6e-05 0.2 0.00068
0.200704 1 0 0.200704 1.6e-05 0.2 0.000688
0.200712 1 0 0.200712 1.6e-05 0.2 0.000696
0.20072 1 0 0.20072 1.6e-05 0.2 0.000704
0.200728 1 0 0.200728 1.6e-05 0.2 0.000712
0.200736 1 0 0.200736 1.6e-05 0.2 0.00072
0.200744 1 0 0.200744 1.6e-05 0.2 0.000728
0.200752 1 0 0.200752 1.6e-05 0.2 0.000736
0.20076 1 0 0.20076 1.6e-05 0.2 0.000744
0.200768 1 0 0.200768 1.6e-05 0.2 0.000752
0.200776 1 0 0.200776 1.6e-05 0.2 0.00076
0.200784 1 0 0.200784 1.6e-05 0.2 0.000768
0.200792 1 0 0.200792 1.6e-05 0.2 0.000776
0.2008 1 0 0.2008 1.6e-05 0.2 0.000784
0.200808 1 0 0.200808 1.6e-05 0.2 0.000792
0.200816 1 0 0.200816 1.6e-05 0.2 0.0008
0.200824 1 0 0.200824 1.6e-05 0.2 0.000808
0.200832 1 0 0.200832 1.6e-05 0.2 0.000816
0.20084 1 0 0.20084 1.6e-05 0.2 0.000824
0.200848 1 0 0.200848 1.6e-05 0.2 0.000832
0.200856 1 0 0.200856 1.6e-05 0.2 0.00084
0.200864 1 0 0.200864 1.6e-05 0.2 0.000848
0.200872 1 0 0.200872 1.6e-05 0.2 0.000856
0.20088 1 0 0.20088 1.6e-05 0.2 0.000864
0.200888 1 0 0.200888 1.6e-05 0.2 0.000872
0.200896 1 0 0.200896 1.6e-05 0.2 0.00088
0.200904 1 0 0.200904 1.6e-05 0.2 0.000888
0.200912 1 0 0.200912 1.6e-05 0.2 0.000896
0.20092 1 0 0.20092 1.6e-05 0.2 0.000904
0.200928 1 0 0.200928 1.6e-05 0.2 0.000912
0.200936 1 0 0.200936 1.6e-05 0.2 0.00092
0.200944 1 0 0.200944 1.6e-05 0.2 0.000928
0.200952 1 0 0.200952 1.6e-05 0.2 0.000936
0.20096 1 0 0.20096 1.6e-05 0.2 0.000944
0.200968 1 0 0.200968 1.6e-05 0.2 0.000952
0.200976 1 0 0.200976 1.6e-05 0.2 0.00096
0.200984 1 0 0.200984 1.6e-05 0.2 0.000968
0.200992 1 0 0.200992 1.6e-05 0.2 0.000976
0.201 1 0 0.201 1.6e-05 0.2 0.000984
0.201008 1 0 0.201008 1.6e-05 0.2 0.000992
0.201016 1 0 0.201016 1.6e-05 0.2 0.001
0.201024 1 0 0.201024 1.6e-05 0.2 0.001008
0.201032 1 0 0.201032 1.6e-05 0.2 0.001016
0.20104 1 0 0.20104 1.6e-05 0.2 0.001024
0.201048 1 0 0.201048 1.6e-05 0.2 0.001032
0.201056 1 0 0.201056 1.6e-05 0.2 0.00104
0.201064 1 0 0.201064 1.6e-05 0.2 0.001048
0.201072 1 0 0.201072 1.6e-05 0.2 0.001056
0.20108 1 0 0.20108 1.6e-05 0.2 0.001064
0.201088 1 0 0.201088 1.6e-05 0.2 0.001072
0.201096 1 0 0.201096 1.6e-05 0.2 0.00108
0.201104 1 0 0.201104 1.6e-05 0.2 0.001088
0.201112 1 0 0.201112 1.6e-05 0.2 0.001096
0.20112 1 0 0.20112 1.6e-05 0.2 0.001104
0.201128 1 0 0.201128 1.6e-05 0.2 0.001112
0.201136 1 0 0.201136 1.6e-05 0.2 0.00112
0.201144 1 0 0.201144 1.6e-05 0.2 0.001128
0.201152 1 0 0.201152 1.6e-05 0.2 0.001136
0.20116 1 0 0.20116 1.6e-05 0.2 0.001144
0.201168 1 0 0.201168 1.6e-05 0.2 0.001152
0.201176 1 0 0.201176 1.6e-05 0.2 0.00116
0.201184 1 0 0.201184 1.6e-05 0.2 0.001168
0.201192 1 0 0.201192 1.6e-05 0.2 0.001176
0.2012 1 0 0.2012 1.6e-05 0.2 0.001184
0.201208 1 0 0.201208 1.6e-05 0.2 0.001192
0.201216 1 0 0.201216 1.6e-05 0.2 0.0012
0.201224 1 0 0.201224 1.6e-05 0.2 0.001208
0.201232 1 0 0.201232 1.6e-05 0.2 0.001216
0.20124 1 0 0.20124 1.6e-05 0.2 0.001224
0.201248 1 0 0.201248 1.6e-05 0.2 0.001232
0.201256 1 0 0.201256 1.6e-05 0.2 0.00124
0.201264 1 0 0.201264 1.6e-05 0.2 0.001248
0.201272 1 0 0.201272 1.6e-05 0.2 0.001256
0.20128 1 0 0.20128 1.6e-05 0.2 0.001264
0.201288 1 0 0.201288 1.6e-05 0.2 0.001272
0.201296 1 0 0.201296 1.6e-05 0.2 0.00128
0.201304 1 0 0.201304 1.6e-05 0.2 0.001288
0.201312 1 0 0.201312 1.6e-05 0.2 0.001296
0.20132 1 0 0.20132 1.6e-05 0.2 0.001304
0.201328 1 0 0.201328 1.6e-05 0.2 0.001312
0.201336 1 0 0.201336 1.6e-05 0.2 0.00132
0.201344 1 0 0.201344 1.6e-05 0.2 0.001328
0.201352 1 0 0.201352 1.6e-05 0.2 0.001336
0.20136 1 0 0.20136 1.6e-05 0.2 0.001344
0.201368 1 0 0.201368 1.6e-05 0.2 0.001352
0.201376 1 0 0.201376 1.6e-05 0.2 0.00136
0.201384 1 0 0.201384 1.6e-05 0.2 0.001368
0.201392 1 0 0.201392 1.6e-05 0.2 0.001376
0.2014 1 0 0.2014 1.6e-05 0.2 0.001384
0.201408 1 0 0.201408 1.6e-05 0.2 0.001392
0.201416 1 0 0.201416 1.6e-05 0.2 0.0014
0.201424 1 0 0.201424 1.6e-05 0.2 0.001408
0.201432 1 0 0.201432 1.6e-05 0.2 0.001416
0.20144 1 0 0.20144 1.6e-05 0.2 0.001424
0.201448 1 0 0.201448 1.6e-05 0.2 0.001432
0.201456 1 0 0.201456 1.6e-05 0.2 0.00144
0.201464 1 0 0.201464 1.6e-05 0.2 0.001448
0.201472 1 0 0.201472 1.6e-05 0.2 0.001456
0.20148 1 0 0.20148 1.6e-05 0.2 0.001464
0.201488 1 0 0.201488 1.6e-05 0.2 0.001472
0.201496 1 0 0.201496 1.6e-05 0.2 0.00148
0.201504 1 0 0.201504 1.6e-05 0.2 0.001488
0.201512 1 0 0.201512 1.6e-05 0.2 0.001496
0.20152 1 0 0.20152 1.6e-05 0.2 0.001504
0.201528 1 0 0.201528 1.6e-05 0.2 0.001512
0.201536 1 0 0.201536 1.6e-05 0.2 0.00152
0.201544 1 0 0.201544 1.6e-05 0.2 0.001528
0.201552 1 0 0.201552 1.6e-05 0.2 0.001536
0.20156 1 0 0.20156 1.6e-05 0.2 0.001544
0.201568 1 0 0.201568 1.6e-05 0.2 0.001552
0.201576 1 0 0.201576 1.6e-05 0.2 0.00156
0.201584 1 0 0.201584 1.6e-05 0.2 0.001568
0.201592 1 0 0.201592 1.6e-05 0.2 0.001576
0.2016 1 0 0.2016 1.6e-05 0.2 0.001584
0.201608 1 0 0.201608 1.6e-05 0.2 0.001592
0.201616 1 0 0.201616 1.6e-05 0.2 0.0016
0.201624 1 0 0.201624 1.6e-05 0.2 0.001608
0.201632 1 0 0.201632 1.6e-05 0.2 0.001616
0.20164 1 0 0.20164 1.6e-05 0.2 0.001624
0.201648 1 0 0.201648 1.6e-05 0.2 0.001632
0.201656 1 0 0.201656 1.6e-05 0.2 0.00164
0.201664 1 0 0.201664 1.6e-05 0.2 0.001648
0.201672 1 0 0.201672 1.6e-05 0.2 0.001656
0.20168 1 0 0.20168 1.6e-05 0.2 0.001664
0.201688 1 0 0.201688 1.6e-05 0.2 0.001672
0.201696 1 0 0.201696 1.6e-05 0.2 0.00168
0.201704 1 0 0.201704 1.6e-05 0.2 0.001688
0.201712 1 0 0.201712 1.6e-05 0.2 0.001696
0.20172 1 0 0.20172 1.6e-05 0.2 0.001704
0.201728 1 0 0.201728 1.6e-05 0.2 0.001712
0.201736 1 0 0.201736 1.6e-05 0.2 0.00172
0.201744 1 0 0.201744 1.6e-05 0.2 0.001728
0.201752 1 0 0.201752 1.6e-05 0.2 0.001736
0.20176 1 0 0.20176 1.6e-05 0.2 0.001744
0.201768 1 0 0.201768 1.6e-05 0.2 0.001752
0.201776 1 0 0.201776 1.6e-05 0.2 0.00176
0.201784 1 0 0.201784 1.6e-05 0.2 0.001768
0.201792 1 0 0.201792 1.6e-05 0.2 0.001776
0.2018 1 0 0.2018 1.6e-05 0.2 0.001784
0.201808 1 0 0.201808 1.6e-05 0.2 0.001792
0.201816 1 0 0.201816 1.6e-05 0.2 0.0018
0.201824 1 0 0.201824 1.6e-05 0.2 0.001808
0.201832 1 0 0.201832 1.6e-05 0.2 0.001816
0.20184 1 0 0.20184 1.6e-05 0.2 0.001824
0.201848 1 0 0.201848 1.6e-05 0.2 0.001832
0.201856 1 0 0.201856 1.6e-05 0.2 0.00184
0.201864 1 0 0.201864 1.6e-05 0.2 0.001848
0.201872 1 0 0.201872 1.6e-05 0.2 0.001856
0.20188 1 0 0.20188 1.6e-05 0.2 0.001864
0.201888 1 0 0.201888 1.6e-05 0.2 0.001872
0.201896 1 0 0.201896 1.6e-05 0.2 0.00188
0.201904 1 0 0.201904 1.6e-05 0.2 0.001888
0.201912 1 0 0.201912 1.6e-05 0.2 0.001896
0.20192 1 0 0.20192 1.6e-05 0.2 0.001904
0.201928 1 0 0.201928 1.6e-05 0.2 0.001912
0.201936 1 0 0.201936 1.6e-05 0.2 0.00192
0.201944 1 0 0.201944 1.6e-05 0.2 0.001928
0.201952 1 0 0.201952 1.6e-05 0.2 0.001936
0.20196 1 0 0.20196 1.6e-05 0.2 0.001944
0.201968 1 0 0.201968 1.6e-05 0.2 0.001952
0.201976 1 0 0.201976 1.6e-05 0.2 0.00196
0.201984 1 0 0.201984 1.6e-05 0.2 0.001968
0.201992 1 0 0.201992 1.6e-05 0.2 0.001976
0.202 1 0 0.202 1.6e-05 0.2 0.001984
0.202008 1 0 0.202008 1.6e-05 0.2 0.001992
0.202016 1 0 0.202016 1.6e-05 0.2 0.002
0.202024 1 0 0.202024 1.6e-05 0.2 0.002008
0.202032 1 0 0.202032 1.6e-05 0.2 0.002016
0.20204 1 0 0.20204 1.6e-05 0.2 0.002024
0.202048 1 0 0.202048 1.6e-05 0.2 0.002032
0.202056 1 0 0.202056 1.6e-05 0.2 0.00204
0.202064 1 0 0.202064 1.6e-05 0.2 0.002048
0.202072 1 0 0.202072 1.6e-05 0.2 0.002056
0.20208 1 0 0.20208 1.6e-05 0.2 0.002064
0.202088 1 0 0.202088 1.6e-05 0.2 0.002072
0.202096 1 0 0.202096 1.6e-05 0.2 0.00208
0.202104 1 0 0.202104 1.6e-05 0.2 0.002088
0.202112 1 0 0.202112 1.6e-05 0.2 0.002096
0.20212 1 0 0.20212 1.6e-05 0.2 0.002104
0.202128 1 0 0.202128 1.6e-05 0.2 0.002112
0.202136 1 0 0.202136 1.6e-05 0.2 0.00212
0.202144 1 0 0.202144 1.6e-05 0.2 0.002128
0.202152 1 0 0.202152 1.6e-05 0.2 0.002136
0.20216 1 0 0.20216 1.6e-05 0.2 0.002144
0.202168 1 0 0.202168 1.6e-05 0.2 0.002152
0.202176 1 0 0.202176 1.6e-05 0.2 0.00216
0.202184 1 0 0.202184 1.6e-05 0.2 0.002168
0.202192 1 0 0.202192 1.6e-05 0.2 0.002176
0.2022 1 0 0.2022 1.6e-05 0.2 0.002184
0.202208 1 0 0.202208 1.6e-05 0.2 0.002192
0.202216 1 0 0.202216 1.6e-05 0.2 0.0022
0.202224 1 0 0.202224 1.6e-05 0.2 0.002208
0.202232 1 0 0.202232 1.6e-05 0.2 0.002216
0.20224 1 0 0.20224 1.6e-05 0.2 0.002224
0.202248 1 0 0.202248 1.6e-05 0.2 0.002232
0.202256 1 0 0.202256 1.6e-05 0.2 0.00224
0.202264 1 0 0.202264 1.6e-05 0.2 0.002248
0.202272 1 0 0.202272 1.6e-05 0.2 0.002256
0.20228 1 0 0.20228 1.6e-05 0.2 0.002264
0.202288 1 0 0.202288 1.6e-05 0.2 0.002272
0.202296 1 0 0.202296 1.6e-05 0.2 0.00228
0.202304 1 0 0.202304 1.6e-05 0.2 0.002288
0.202312 1 0 0.202312 1.6e-05 0.2 0.002296
0.20232 1 0 0.20232 1.6e-05 0.2 0.002304
0.202328 1 0 0.202328 1.6e-05 0.2 0.002312
0.202336 1 0 0.202336 1.6e-05 0.2 0.00232
0.202344 1 0 0.202344 1.6e-05 0.2 0.002328
0.202352 1 0 0.202352 1.6e-05 0.2 0.002336
0.20236 1 0 0.20236 1.6e-05 0.2 0.002344
0.202368 1 0 0.202368 1.6e-05 0.2 0.002352
0.202376 1 0 0.202376 1.6e-05 0.2 0.00236
0.202384 1 0 0.202384 1.6e-05 0.2 0.002368
0.202392 1 0 0.202392 1.6e-05 0.2 0.002376
0.2024 1 0 0.2024 1.6e-05 0.2 0.002384
0.202408 1 0 0.202408 1.6e-05 0.2 0.002392
0.202416 1 0 0.202416 1.6e-05 0.2 0.0024
0.202424 1 0 0.202424 1.6e-05 0.2 0.002408
0.202432 1 0 0.202432 1.6e-05 0.2 0.002416
0.20244 1 0 0.20244 1.6e-05 0.2 0.002424
0.202448 1 0 0.202448 1.6e-05 0.2 0.002432
0.202456 1 0 0.202456 1.6e-05 0.2 0.00244
0.202464 1 0 0.202464 1.6e-05 0.2 0.002448
0.202472 1 0 0.202472 1.6e-05 0.2 0.002456
0.20248 1 0 0.20248 1.6e-05 0.2 0.002464
0.202488 1 0 0.202488 1.6e-05 0.2 0.002472
0.202496 1 0 0.202496 1.6e-05 0.2 0.00248
0.202504 1 0 0.202504 1.6e-05 0.2 0.002488
0.202512 1 0 0.202512 1.6e-05 0.2 0.002496
0.20252 1 0 0.20252 1.6e-05 0.2 0.002504
0.202528 1 0 0.202528 1.6e-05 0.2 0.002512
0.202536 1 0 0.202536 1.6e-05 0.2 0.00252
0.202544 1 0 0.202544 1.6e-05 0.2 0.002528
0.202552 1 0 0.202552 1.6e-05 0.2 0.002536
0.20256 1 0 0.20256 1.6e-05 0.2 0.002544
0.202568 1 0 0.202568 1.6e-05 0.2 0.002552
0.202576 1 0 0.202576 1.6e-05 0.2 0.00256
0.202584 1 0 0.202584 1.6e-05 0.2 0.002568
0.202592 1 0 0.202592 1.6e-05 0.2 0.002576
0.2026 1 0 0.2026 1.6e-05 0.2 0.002584
0.202608 1 0 0.202608 1.6e-05 0.2 0.002592
0.202616 1 0 0.202616 1.6e-05 0.2 0.0026
0.202624 1 0 0.202624 1.6e-05 0.2 0.002608
0.202632 1 0 0.202632 1.6e-05 0.2 0.002616
0.20264 1 0 0.20264 1.6e-05 0.2 0.002624
0.202648 1 0 0.202648 1.6e-05 0.2 0.002632
0.202656 1 0 0.202656 1.6e-05 0.2 0.00264
0.202664 1 0 0.202664 1.6e-05 0.2 0.002648
0.202672 1 0 0.202672 1.6e-05 0.2 0.002656
0.20268 1 0 0.20268 1.6e-05 0.2 0.002664
0.202688 1 0 0.202688 1.6e-05 0.2 0.002672
0.202696 1 0 0.202696 1.6e-05 0.2 0.00268
0.202704 1 0 0.202704 1.6e-05 0.2 0.002688
0.202712 1 0 0.202712 1.6e-05 0.2 0.002696
0.20272 1 0 0.20272 1.6e-05 0.2 0.002704
0.202728 1 0 0.202728 1.6e-05 0.2 0.002712
0.202736 1 0 0.202736 1.6e-05 0.2 0.00272
0.202744 1 0 0.202744 1.6e-05 0.2 0.002728
0.202752 1 0 0.202752 1.6e-05 0.2 0.002736
0.20276 1 0 0.20276 1.6e-05 0.2 0.002744
0.202768 1 0 0.202768 1.6e-05 0.2 0.002752
0.202776 1 0 0.202776 1.6e-05 0.2 0.00276
0.202784 1 0 0.202784 1.6e-05 0.2 0.002768
0.202792 1 0 0.202792 1.6e-05 0.2 0.002776
0.2028 1 0 0.2028 1.6e-05 0.2 0.002784
0.202808 1 0 0.202808 1.6e-05 0.2 0.002792
0.202816 1 0 0.202816 1.6e-05 0.2 0.0028
0.202824 1 0 0.202824 1.6e-05 0.2 0.002808
0.202832 1 0 0.202832 1.6e-05 0.2 0.002816
0.20284 1 0 0.20284 1.6e-05 0.2 0.002824
0.202848 1 0 0.202848 1.6e-05 0.2 0.002832
0.202856 1 0 0.202856 1.6e-05 0.2 0.00284
0.202864 1 0 0.202864 1.6e-05 0.2 0.002848
0.202872 1 0 0.202872 1.6e-05 0.2 0.002856
0.20288 1 0 0.20288 1.6e-05 0.2 0.002864
0.202888 1 0 0.202888 1.6e-05 0.2 0.002872
0.202896 1 0 0.202896 1.6e-05 0.2 0.00288
0.202904 1 0 0.202904 1.6e-05 0.2 0.002888
0.202912 1 0 0.202912 1.6e-05 0.2 0.002896
0.20292 1 0 0.20292 1.6e-05 0.2 0.002904
0.202928 1 0 0.202928 1.6e-05 0.2 0.002912
0.202936 1 0 0.202936 1.6e-05 0.2 0.00292
0.202944 1 0 0.202944 1.6e-05 0.2 0.002928
0.202952 1 0 0.202952 1.6e-05 0.2 0.002936
0.20296 1 0 0.20296 1.6e-05 0.2 0.002944
0.202968 1 0 0.202968 1.6e-05 0.2 0.002952
0.202976 1 0 0.202976 1.6e-05 0.2 0.00296
0.202984 1 0 0.202984 1.6e-05 0.2 0.002968
0.202992 1 0 0.202992 1.6e-05 0.2 0.002976
0.203 1 0 0.203 1.6e-05 0.2 0.002984
0.203008 1 0 0.203008 1.6e-05 0.2 0.002992
0.203016 1 0 0.203016 1.6e-05 0.2 0.003
0.203024 1 0 0.203024 1.6e-05 0.2 0.003008
0.203032 1 0 0.203032 1.6e-05 0.2 0.003016
0.20304 1 0 0.20304 1.6e-05 0.2 0.003024
0.203048 1 0 0.203048 1.6e-05 0.2 0.003032
0.203056 1 0 0.203056 1.6e-05 0.2 0.00304
0.203064 1 0 0.203064 1.6e-05 0.2 0.003048
0.203072 1 0 0.203072 1.6e-05 0.2 0.003056
0.20308 1 0 0.20308 1.6e-05 0.2 0.003064
0.203088 1 0 0.203088 1.6e-05 0.2 0.003072
0.203096 1 0 0.203096 1.6e-05 0.2 0.00308
0.203104 1 0 0.203104 1.6e-05 0.2 0.003088
0.203112 1 0 0.203112 1.6e-05 0.2 0.003096
0.20312 1 0 0.20312 1.6e-05 0.2 0.003104
0.203128 1 0 0.203128 1.6e-05 0.2 0.003112
0.203136 1 0 0.203136 1.6e-05 0.2 0.00312
0.203144 1 0 0.203144 1.6e-05 0.2 0.003128
0.203152 1 0 0.203152 1.6e-05 0.2 0.003136
0.20316 1 0 0.20316 1.6e-05 0.2 0.003144
0.203168 1 0 0.203168 1.6e-05 0.2 0.003152
0.203176 1 0 0.203176 1.6e-05 0.2 0.00316
0.203184 1 0 0.203184 1.6e-05 0.2 0.003168
0.203192 1 0 0.203192 1.6e-05 0.2 0.003176
0.2032 1 0 0.2032 1.6e-05 0.2 0.003184
0.203208 1 0 0.203208 1.6e-05 0.2 0.003192
0.203216 1 0 0.203216 1.6e-05 0.2 0.0032
0.203224 1 0 0.203224 1.6e-05 0.2 0.003208
0.203232 1 0 0.203232 1.6e-05 0.2 0.003216
0.20324 1 0 0.20324 1.6e-05 0.2 0.003224
0.203248 1 0 0.203248 1.6e-05 0.2 0.003232
0.203256 1 0 0.203256 1.6e-05 0.2 0.00324
0.203264 1 0 0.203264 1.6e-05 0.2 0.003248
0.203272 1 0 0.203272 1.6e-05 0.2 0.003256
0.20328 1 0 0.20328 1.6e-05 0.2 0.003264
0.203288 1 0 0.203288 1.6e-05 0.2 0.003272
0.203296 1 0 0.203296 1.6e-05 0.2 0.00328
0.203304 1 0 0.203304 1.6e-05 0.2 0.003288
0.203312 1 0 0.203312 1.6e-05 0.2 0.003296
0.20332 1 0 0.20332 1.6e-05 0.2 0.003304
0.203328 1 0 0.203328 1.6e-05 0.2 0.003312
0.203336 1 0 0.203336 1.6e-05 0.2 0.00332
0.203344 1 0 0.203344 1.6e-05 0.2 0.003328
0.203352 1 0 0.203352 1.6e-05 0.2 0.003336
0.20336 1 0 0.20336 1.6e-05 0.2 0.003344
0.203368 1 0 0.203368 1.6e-05 0.2 0.003352
0.203376 1 0 0.203376 1.6e-05 0.2 0.00336
0.203384 1 0 0.203384 1.6e-05 0.2 0.003368
0.203392 1 0 0.203392 1.6e-05 0.2 0.003376
0.2034 1 0 0.2034 1.6e-05 0.2 0.003384
0.203408 1 0 0.203408 1.6e-05 0.2 0.003392
0.203416 1 0 0.203416 1.6e-05 0.2 0.0034
0.203424 1 0 0.203424 1.6e-05 0.2 0.003408
0.203432 1 0 0.203432 1.6e-05 0.2 0.003416
0.20344 1 0 0.20344 1.6e-05 0.2 0.003424
0.203448 1 0 0.203448 1.6e-05 0.2 0.003432
0.203456 1 0 0.203456 1.6e-05 0.2 0.00344
0.203464 1 0 0.203464 1.6e-05 0.2 0.003448
0.203472 1 0 0.203472 1.6e-05 0.2 0.003456
0.20348 1 0 0.20348 1.6e-05 0.2 0.003464
0.203488 1 0 0.203488 1.6e-05 0.2 0.003472
0.203496 1 0 0.203496 1.6e-05 0.2 0.00348
0.203504 1 0 0.203504 1.6e-05 0.2 0.003488
0.203512 1 0 0.203512 1.6e-05 0.2 0.003496
0.20352 1 0 0.20352 1.6e-05 0.2 0.003504
0.203528 1 0 0.203528 1.6e-05 0.2 0.003512
0.203536 1 0 0.203536 1.6e-05 0.2 0.00352
0.203544 1 0 0.203544 1.6e-05 0.2 0.003528
0.203552 1 0 0.203552 1.6e-05 0.2 0.003536
0.20356 1 0 0.20356 1.6e-05 0.2 0.003544
0.203568 1 0 0.203568 1.6e-05 0.2 0.003552
0.203576 1 0 0.203576 1.6e-05 0.2 0.00356
0.203584 1 0 0.203584 1.6e-05 0.2 0.003568
0.203592 1 0 0.203592 1.6e-05 0.2 0.003576
0.2036 1 0 0.2036 1.6e-05 0.2 0.003584
0.203608 1 0 0.203608 1.6e-05 0.2 0.003592
0.203616 1 0 0.203616 1.6e-05 0.2 0.0036
0.203624 1 0 0.203624 1.6e-05 0.2 0.003608
0.203632 1 0 0.203632 1.6e-05 0.2 0.003616
0.20364 1 0 0.20364 1.6e-05 0.2 0.003624
0.203648 1 0 0.203648 1.6e-05 0.2 0.003632
0.203656 1 0 0.203656 1.6e-05 0.2 0.00364
0.203664 1 0 0.203664 1.6e-05 0.2 0.003648
0.203672 1 0 0.203672 1.6e-05 0.2 0.003656
0.20368 1 0 0.20368 1.6e-05 0.2 0.003664
0.203688 1 0 0.203688 1.6e-05 0.2 0.003672
0.203696 1 0 0.203696 1.6e-05 0.2 0.00368
0.203704 1 0 0.203704 1.6e-05 0.2 0.003688
0.203712 1 0 0.203712 1.6e-05 0.2 0.003696
0.20372 1 0 0.20372 1.6e-05 0.2 0.003704
0.203728 1 0 0.203728 1.6e-05 0.2 0.003712
0.203736 1 0 0.203736 1.6e-05 0.2 0.00372
0.203744 1 0 0.203744 1.6e-05 0.2 0.003728
0.203752 1 0 0.203752 1.6e-05 0.2 0.003736
0.20376 1 0 0.20376 1.6e-05 0.2 0.003744
0.203768 1 0 0.203768 1.6e-05 0.2 0.003752
0.203776 1 0 0.203776 1.6e-05 0.2 0.00376
0.203784 1 0 0.203784 1.6e-05 0.2 0.003768
0.203792 1 0 0.203792 1.6e-05 0.2 0.003776
0.2038 1 0 0.2038 1.6e-05 0.2 0.003784
0.203808 1 0 0.203808 1.6e-05 0.2 0.003792
0.203816 1 0 0.203816 1.6e-05 0.2 0.0038
0.203824 1 0 0.203824 1.6e-05 0.2 0.003808
0.203832 1 0 0.203832 1.6e-05 0.2 0.003816
0.20384 1 0 0.20384 1.6e-05 0.2 0.003824
0.203848 1 0 0.203848 1.6e-05 0.2 0.003832
0.203856 1 0 0.203856 1.6e-05 0.2 0.00384
0.203864 1 0 0.203864 1.6e-05 0.2 0.003848
0.203872 1 0 0.203872 1.6e-05 0.2 0.003856
0.20388 1 0 0.20388 1.6e-05 0.2 0.003864
0.203888 1 0 0.203888 1.6e-05 0.2 0.003872
0.203896 1 0 0.203896 1.6e-05 0.2 0.00388
0.203904 1 0 0.203904 1.6e-05 0.2 0.003888
0.203912 1 0 0.203912 1.6e-05 0.2 0.003896
0.20392 1 0 0.20392 1.6e-05 0.2 0.003904
0.203928 1 0 0.203928 1.6e-05 0.2 0.003912
0.203936 1 0 0.203936 1.6e-05 0.2 0.00392
0.203944 1 0 0.203944 1.6e-05 0.2 0.003928
0.203952 1 0 0.203952 1.6e-05 0.2 0.003936
0.20396 1 0 0.20396 1.6e-05 0.2 0.003944
0.203968 1 0 0.203968 1.6e-05 0.2 0.003952
0.203976 1 0 0.203976 1.6e-05 0.2 0.00396
0.203984 1 0 0.203984 1.6e-05 0.2 0.003968
0.203992 1 0 0.203992 1.6e-05 0.2 0.003976
0.204 1 0 0.204 1.6e-05 0.2 0.003984
0.204008 1 0 0.204008 1.6e-05 0.2 0.003992
0.204016 1 0 0.204016 1.6e-05 0.2 0.004
0.204024 1 0 0.204024 1.6e-05 0.2 0.004008
0.204032 1 0 0.204032 1.6e-05 0.2 0.004016
0.20404 1 0 0.20404 1.6e-05 0.2 0.004024
0.204048 1 0 0.204048 1.6e-05 0.2 0.004032
0.204056 1 0 0.204056 1.6e-05 0.2 0.00404
0.204064 1 0 0.204064 1.6e-05 0.2 0.004048
0.204072 1 0 0.204072 1.6e-05 0.2 0.004056
0.20408 1 0 0.20408 1.6e-05 0.2 0.004064
0.204088 1 0 0.204088 1.6e-05 0.2 0.004072
0.204096 1 0 0.204096 1.6e-05 0.2 0.00408
0.204104 1 0 0.204104 1.6e-05 0.2 0.004088
0.204112 1 0 0.204112 1.6e-05 0.2 0.004096
0.20412 1 0 0.20412 1.6e-05 0.2 0.004104
0.204128 1 0 0.204128 1.6e-05 0.2 0.004112
0.204136 1 0 0.204136 1.6e-05 0.2 0.00412
0.204144 1 0 0.204144 1.6e-05 0.2 0.004128
0.204152 1 0 0.204152 1.6e-05 0.2 0.004136
0.20416 1 0 0.20416 1.6e-05 0.2 0.004144
0.204168 1 0 0.204168 1.6e-05 0.2 0.004152
0.204176 1 0 0.204176 1.6e-05 0.2 0.00416
0.204184 1 0 0.204184 1.6e-05 0.2 0.004168
0.204192 1 0 0.204192 1.6e-05 0.2 0.004176
0.2042 1 0 0.2042 1.6e-05 0.2 0.004184
0.204208 1 0 0.204208 1.6e-05 0.2 0.004192
0.204216 1 0 0.204216 1.6e-05 0.2 0.0042
0.204224 1 0 0.204224 1.6e-05 0.2 0.004208
0.204232 1 0 0.204232 1.6e-05 0.2 0.004216
0.20424 1 0 0.20424 1.6e-05 0.2 0.004224
0.204248 1 0 0.204248 1.6e-05 0.2 0.004232
0.204256 1 0 0.204256 1.6e-05 0.2 0.00424
0.204264 1 0 0.204264 1.6e-05 0.2 0.004248
0.204272 1 0 0.204272 1.6e-05 0.2 0.004256
0.20428 1 0 0.20428 1.6e-05 0.2 0.004264
0.204288 1 0 0.204288 1.6e-05 0.2 0.004272
0.204296 1 0 0.204296 1.6e-05 0.2 0.00428
0.204304 1 0 0.204304 1.6e-05 0.2 0.004288
0.204312 1 0 0.204312 1.6e-05 0.2 0.004296
0.20432 1 0 0.20432 1.6e-05 0.2 0.004304
0.204328 1 0 0.204328 1.6e-05 0.2 0.004312
0.204336 1 0 0.204336 1.6e-05 0.2 0.00432
0.204344 1 0 0.204344 1.6e-05 0.2 0.004328
0.204352 1 0 0.204352 1.6e-05 0.2 0.004336
0.20436 1 0 0.20436 1.6e-05 0.2 0.004344
0.204368 1 0 0.204368 1.6e-05 0.2 0.004352
0.204376 1 0 0.204376 1.6e-05 0.2 0.00436
0.204384 1 0 0.204384 1.6e-05 0.2 0.004368
0.204392 1 0 0.204392 1.6e-05 0.2 0.004376
0.2044 1 0 0.2044 1.6e-05 0.2 0.004384
0.204408 1 0 0.204408 1.6e-05 0.2 0.004392
0.204416 1 0 0.204416 1.6e-05 0.2 0.0044
0.204424 1 0 0.204424 1.6e-05 0.2 0.004408
0.204432 1 0 0.204432 1.6e-05 0.2 0.004416
0.20444 1 0 0.20444 1.6e-05 0.2 0.004424
0.204448 1 0 0.204448 1.6e-05 0.2 0.004432
0.204456 1 0 0.204456 1.6e-05 0.2 0.00444
0.204464 1 0 0.204464 1.6e-05 0.2 0.004448
0.204472 1 0 0.204472 1.6e-05 0.2 0.004456
0.20448 1 0 0.20448 1.6e-05 0.2 0.004464
0.204488 1 0 0.204488 1.6e-05 0.2 0.004472
0.204496 1 0 0.204496 1.6e-05 0.2 0.00448
0.204504 1 0 0.204504 1.6e-05 0.2 0.004488
0.204512 1 0 0.204512 1.6e-05 0.2 0.004496
0.20452 1 0 0.20452 1.6e-05 0.2 0.004504
0.204528 1 0 0.204528 1.6e-05 0.2 0.004512
0.204536 1 0 0.204536 1.6e-05 0.2 0.00452
0.204544 1 0 0.204544 1.6e-05 0.2 0.004528
0.204552 1 0 0.204552 1.6e-05 0.2 0.004536
0.20456 1 0 0.20456 1.6e-05 0.2 0.004544
0.204568 1 0 0.204568 1.6e-05 0.2 0.004552
0.204576 1 0 0.204576 1.6e-05 0.2 0.00456
0.204584 1 0 0.204584 1.6e-05 0.2 0.004568
0.204592 1 0 0.204592 1.6e-05 0.2 0.004576
0.2046 1 0 0.2046 1.6e-05 0.2 0.004584
0.204608 1 0 0.204608 1.6e-05 0.2 0.004592
0.204616 1 0 0.204616 1.6e-05 0.2 0.0046
0.204624 1 0 0.204624 1.6e-05 0.2 0.004608
0.204632 1 0 0.204632 1.6e-05 0.2 0.004616
0.20464 1 0 0.20464 1.6e-05 0.2 0.004624
0.204648 1 0 0.204648 1.6e-05 0.2 0.004632
0.204656 1 0 0.204656 1.6e-05 0.2 0.00464
0.204664 1 0 0.204664 1.6e-05 0.2 0.004648
0.204672 1 0 0.204672 1.6e-05 0.2 0.004656
0.20468 1 0 0.20468 1.6e-05 0.2 0.004664
0.204688 1 0 0.204688 1.6e-05 0.2 0.004672
0.204696 1 0 0.204696 1.6e-05 0.2 0.00468
0.204704 1 0 0.204704 1.6e-05 0.2 0.004688
0.204712 1 0 0.204712 1.6e-05 0.2 0.004696
0.20472 1 0 0.20472 1.6e-05 0.2 0.004704
0.204728 1 0 0.204728 1.6e-05 0.2 0.004712
0.204736 1 0 0.204736 1.6e-05 0.2 0.00472
0.204744 1 0 0.204744 1.6e-05 0.2 0.004728
0.204752 1 0 0.204752 1.6e-05 0.2 0.004736
0.20476 1 0 0.20476 1.6e-05 0.2 0.004744
0.204768 1 0 0.204768 1.6e-05 0.2 0.004752
0.204776 1 0 0.204776 1.6e-05 0.2 0.00476
0.204784 1 0 0.204784 1.6e-05 0.2 0.004768
0.204792 1 0 0.204792 1.6e-05 0.2 0.004776
0.2048 1 0 0.2048 1.6e-05 0.2 0.004784
0.204808 1 0 0.204808 1.6e-05 0.2 0.004792
0.204816 1 0 0.204816 1.6e-05 0.2 0.0048
0.204824 1 0 0.204824 1.6e-05 0.2 0.004808
0.204832 1 0 0.204832 1.6e-05 0.2 0.004816
0.20484 1 0 0.20484 1.6e-05 0.2 0.004824
0.204848 1 0 0.204848 1.6e-05 0.2 0.004832
0.204856 1 0 0.204856 1.6e-05 0.2 0.00484
0.204864 1 0 0.204864 1.6e-05 0.2 0.004848
0.204872 1 0 0.204872 1.6e-05 0.2 0.004856
0.20488 1 0 0.20488 1.6e-05 0.2 0.004864
0.204888 1 0 0.204888 1.6e-05 0.2 0.004872
0.204896 1 0 0.204896 1.6e-05 0.2 0.00488
0.204904 1 0 0.204904 1.6e-05 0.2 0.004888
0.204912 1 0 0.204912 1.6e-05 0.2 0.004896
0.20492 1 0 0.20492 1.6e-05 0.2 0.004904
0.204928 1 0 0.204928 1.6e-05 0.2 0.004912
0.204936 1 0 0.204936 1.6e-05 0.2 0.00492
0.204944 1 0 0.204944 1.6e-05 0.2 0.004928
0.204952 1 0 0.204952 1.6e-05 0.2 0.004936
0.20496 1 0 0.20496 1.6e-05 0.2 0.004944
0.204968 1 0 0.204968 1.6e-05 0.2 0.004952
0.204976 1 0 0.204976 1.6e-05 0.2 0.00496
0.204984 1 0 0.204984 1.6e-05 0.2 0.004968
0.204992 1 0 0.204992 1.6e-05 0.2 0.004976
0.205 1 0 0.205 1.6e-05 0.2 0.004984
0.205008 1 0 0.205008 1.6e-05 0.2 0.004992
0.205016 1 0 0.205016 1.6e-05 0.2 0.005
0.205024 1 0 0.205024 1.6e-05 0.2 0.005008
0.205032 1 0 0.205032 1.6e-05 0.2 0.005016
0.20504 1 0 0.20504 1.6e-05 0.2 0.005024
0.205048 1 0 0.205048 1.6e-05 0.2 0.005032
0.205056 1 0 0.205056 1.6e-05 0.2 0.00504
0.205064 1 0 0.205064 1.6e-05 0.2 0.005048
0.205072 1 0 0.205072 1.6e-05 0.2 0.005056
0.20508 1 0 0.20508 1.6e-05 0.2 0.005064
0.205088 1 0 0.205088 1.6e-05 0.2 0.005072
0.205096 1 0 0.205096 1.6e-05 0.2 0.00508
0.205104 1 0 0.205104 1.6e-05 0.2 0.005088
0.205112 1 0 0.205112 1.6e-05 0.2 0.005096
0.20512 1 0 0.20512 1.6e-05 0.2 0.005104
0.205128 1 0 0.205128 1.6e-05 0.2 0.005112
0.205136 1 0 0.205136 1.6e-05 0.2 0.00512
0.205144 1 0 0.205144 1.6e-05 0.2 0.005128
0.205152 1 0 0.205152 1.6e-05 0.2 0.005136
0.20516 1 0 0.20516 1.6e-05 0.2 0.005144
0.205168 1 0 0.205168 1.6e-05 0.2 0.005152
0.205176 1 0 0.205176 1.6e-05 0.2 0.00516
0.205184 1 0 0.205184 1.6e-05 0.2 0.005168
0.205192 1 0 0.205192 1.6e-05 0.2 0.005176
0.2052 1 0 0.2052 1.6e-05 0.2 0.005184
0.205208 1 0 0.205208 1.6e-05 0.2 0.005192
0.205216 1 0 0.205216 1.6e-05 0.2 0.0052
0.205224 1 0 0.205224 1.6e-05 0.2 0.005208
0.205232 1 0 0.205232 1.6e-05 0.2 0.005216
0.20524 1 0 0.20524 1.6e-05 0.2 0.005224
0.205248 1 0 0.205248 1.6e-05 0.2 0.005232
0.205256 1 0 0.205256 1.6e-05 0.2 0.00524
0.205264 1 0 0.205264 1.6e-05 0.2 0.005248
0.205272 1 0 0.205272 1.6e-05 0.2 0.005256
0.20528 1 0 0.20528 1.6e-05 0.2 0.005264
0.205288 1 0 0.205288 1.6e-05 0.2 0.005272
0.205296 1 0 0.205296 1.6e-05 0.2 0.00528
0.205304 1 0 0.205304 1.6e-05 0.2 0.005288
0.205312 1 0 0.205312 1.6e-05 0.2 0.005296
0.20532 1 0 0.20532 1.6e-05 0.2 0.005304
0.205328 1 0 0.205328 1.6e-05 0.2 0.005312
0.205336 1 0 0.205336 1.6e-05 0.2 0.00532
0.205344 1 0 0.205344 1.6e-05 0.2 0.005328
0.205352 1 0 0.205352 1.6e-05 0.2 0.005336
0.20536 1 0 0.20536 1.6e-05 0.2 0.005344
0.205368 1 0 0.205368 1.6e-05 0.2 0.005352
0.205376 1 0 0.205376 1.6e-05 0.2 0.00536
0.205384 1 0 0.205384 1.6e-05 0.2 0.005368
0.205392 1 0 0.205392 1.6e-05 0.2 0.005376
0.2054 1 0 0.2054 1.6e-05 0.2 0.005384
0.205408 1 0 0.205408 1.6e-05 0.2 0.005392
0.205416 1 0 0.205416 1.6e-05 0.2 0.0054
0.205424 1 0 0.205424 1.6e-05 0.2 0.005408
0.205432 1 0 0.205432 1.6e-05 0.2 0.005416
0.20544 1 0 0.20544 1.6e-05 0.2 0.005424
0.205448 1 0 0.205448 1.6e-05 0.2 0.005432
0.205456 1 0 0.205456 1.6e-05 0.2 0.00544
0.205464 1 0 0.205464 1.6e-05 0.2 0.005448
0.205472 1 0 0.205472 1.6e-05 0.2 0.005456
0.20548 1 0 0.20548 1.6e-05 0.2 0.005464
0.205488 1 0 0.205488 1.6e-05 0.2 0.005472
0.205496 1 0 0.205496 1.6e-05 0.2 0.00548
0.205504 1 0 0.205504 1.6e-05 0.2 0.005488
0.205512 1 0 0.205512 1.6e-05 0.2 0.005496
0.20552 1 0 0.20552 1.6e-05 0.2 0.005504
0.205528 1 0 0.205528 1.6e-05 0.2 0.005512
0.205536 1 0 0.205536 1.6e-05 0.2 0.00552
0.205544 1 0 0.205544 1.6e-05 0.2 0.005528
0.205552 1 0 0.205552 1.6e-05 0.2 0.005536
0.20556 1 0 0.20556 1.6e-05 0.2 0.005544
0.205568 1 0 0.205568 1.6e-05 0.2 0.005552
0.205576 1 0 0.205576 1.6e-05 0.2 0.00556
0.205584 1 0 0.205584 1.6e-05 0.2 0.005568
0.205592 1 0 0.205592 1.6e-05 0.2 0.005576
0.2056 1 0 0.2056 1.6e-05 0.2 0.005584
0.205608 1 0 0.205608 1.6e-05 0.2 0.005592
0.205616 1 0 0.205616 1.6e-05 0.2 0.0056
0.205624 1 0 0.205624 1.6e-05 0.2 0.005608
0.205632 1 0 0.205632 1.6e-05 0.2 0.005616
0.20564 1 0 0.20564 1.6e-05 0.2 0.005624
0.205648 1 0 0.205648 1.6e-05 0.2 0.005632
0.205656 1 0 0.205656 1.6e-05 0.2 0.00564
0.205664 1 0 0.205664 1.6e-05 0.2 0.005648
0.205672 1 0 0.205672 1.6e-05 0.2 0.005656
0.20568 1 0 0.20568 1.6e-05 0.2 0.005664
0.205688 1 0 0.205688 1.6e-05 0.2 0.005672
0.205696 1 0 0.205696 1.6e-05 0.2 0.00568
0.205704 1 0 0.205704 1.6e-05 0.2 0.005688
0.205712 1 0 0.205712 1.6e-05 0.2 0.005696
0.20572 1 0 0.20572 1.6e-05 0.2 0.005704
0.205728 1 0 0.205728 1.6e-05 0.2 0.005712
0.205736 1 0 0.205736 1.6e-05 0.2 0.00572
0.205744 1 0 0.205744 1.6e-05 0.2 0.005728
0.205752 1 0 0.205752 1.6e-05 0.2 0.005736
0.20576 1 0 0.20576 1.6e-05 0.2 0.005744
0.205768 1 0 0.205768 1.6e-05 0.2 0.005752
0.205776 1 0 0.205776 1.6e-05 0.2 0.00576
0.205784 1 0 0.205784 1.6e-05 0.2 0.005768
0.205792 1 0 0.205792 1.6e-05 0.2 0.005776
0.2058 1 0 0.2058 1.6e-05 0.2 0.005784
0.205808 1 0 0.205808 1.6e-05 0.2 0.005792
0.205816 1 0 0.205816 1.6e-05 0.2 0.0058
0.205824 1 0 0.205824 1.6e-05 0.2 0.005808
0.205832 1 0 0.205832 1.6e-05 0.2 0.005816
0.20584 1 0 0.20584 1.6e-05 0.2 0.005824
0.205848 1 0 0.205848 1.6e-05 0.2 0.005832
0.205856 1 0 0.205856 1.6e-05 0.2 0.00584
0.205864 1 0 0.205864 1.6e-05 0.2 0.005848
0.205872 1 0 0.205872 1.6e-05 0.2 0.005856
0.20588 1 0 0.20588 1.6e-05 0.2 0.005864
0.205888 1 0 0.205888 1.6e-05 0.2 0.005872
0.205896 1 0 0.205896 1.6e-05 0.2 0.00588
0.205904 1 0 0.205904 1.6e-05 0.2 0.005888
0.205912 1 0 0.205912 1.6e-05 0.2 0.005896
0.20592 1 0 0.20592 1.6e-05 0.2 0.005904
0.205928 1 0 0.205928 1.6e-05 0.2 0.005912
0.205936 1 0 0.205936 1.6e-05 0.2 0.00592
0.205944 1 0 0.205944 1.6e-05 0.2 0.005928
0.205952 1 0 0.205952 1.6e-05 0.2 0.005936
0.20596 1 0 0.20596 1.6e-05 0.2 0.005944
0.205968 1 0 0.205968 1.6e-05 0.2 0.005952
0.205976 1 0 0.205976 1.6e-05 0.2 0.00596
0.205984 1 0 0.205984 1.6e-05 0.2 0.005968
0.205992 1 0 0.205992 1.6e-05 0.2 0.005976
0.206 1 0 0.206 1.6e-05 0.2 0.005984
0.206008 1 0 0.206008 1.6e-05 0.2 0.005992
0.206016 1 0 0.206016 1.6e-05 0.2 0.006
0.206024 1 0 0.206024 1.6e-05 0.2 0.006008
0.206032 1 0 0.206032 1.6e-05 0.2 0.006016
0.20604 1 0 0.20604 1.6e-05 0.2 0.006024
0.206048 1 0 0.206048 1.6e-05 0.2 0.006032
0.206056 1 0 0.206056 1.6e-05 0.2 0.00604
0.206064 1 0 0.206064 1.6e-05 0.2 0.006048
0.206072 1 0 0.206072 1.6e-05 0.2 0.006056
0.20608 1 0 0.20608 1.6e-05 0.2 0.006064
0.206088 1 0 0.206088 1.6e-05 0.2 0.006072
0.206096 1 0 0.206096 1.6e-05 0.2 0.00608
0.206104 1 0 0.206104 1.6e-05 0.2 0.006088
0.206112 1 0 0.206112 1.6e-05 0.2 0.006096
0.20612 1 0 0.20612 1.6e-05 0.2 0.006104
0.206128 1 0 0.206128 1.6e-05 0.2 0.006112
0.206136 1 0 0.206136 1.6e-05 0.2 0.00612
0.206144 1 0 0.206144 1.6e-05 0.2 0.006128
0.206152 1 0 0.206152 1.6e-05 0.2 0.006136
0.20616 1 0 0.20616 1.6e-05 0.2 0.006144
0.206168 1 0 0.206168 1.6e-05 0.2 0.006152
0.206176 1 0 0.206176 1.6e-05 0.2 0.00616
0.206184 1 0 0.206184 1.6e-05 0.2 0.006168
0.206192 1 0 0.206192 1.6e-05 0.2 0.006176
0.2062 1 0 0.2062 1.6e-05 0.2 0.006184
0.206208 1 0 0.206208 1.6e-05 0.2 0.006192
0.206216 1 0 0.206216 1.6e-05 0.2 0.0062
0.206224 1 0 0.206224 1.6e-05 0.2 0.006208
0.206232 1 0 0.206232 1.6e-05 0.2 0.006216
0.20624 1 0 0.20624 1.6e-05 0.2 0.006224
0.206248 1 0 0.206248 1.6e-05 0.2 0.006232
0.206256 1 0 0.206256 1.6e-05 0.2 0.00624
0.206264 1 0 0.206264 1.6e-05 0.2 0.006248
0.206272 1 0 0.206272 1.6e-05 0.2 0.006256
0.20628 1 0 0.20628 1.6e-05 0.2 0.006264
0.206288 1 0 0.206288 1.6e-05 0.2 0.006272
0.206296 1 0 0.206296 1.6e-05 0.2 0.00628
0.206304 1 0 0.206304 1.6e-05 0.2 0.006288
0.206312 1 0 0.206312 1.6e-05 0.2 0.006296
0.20632 1 0 0.20632 1.6e-05 0.2 0.006304
0.206328 1 0 0.206328 1.6e-05 0.2 0.006312
0.206336 1 0 0.206336 1.6e-05 0.2 0.00632
0.206344 1 0 0.206344 1.6e-05 0.2 0.006328
0.206352 1 0 0.206352 1.6e-05 0.2 0.006336
0.20636 1 0 0.20636 1.6e-05 0.2 0.006344
0.206368 1 0 0.206368 1.6e-05 0.2 0.006352
0.206376 1 0 0.206376 1.6e-05 0.2 0.00636
0.206384 1 0 0.206384 1.6e-05 0.2 0.006368
0.206392 1 0 0.206392 1.6e-05 0.2 0.006376
0.2064 1 0 0.2064 1.6e-05 0.2 0.006384
0.206408 1 0 0.206408 1.6e-05 0.2 0.006392
0.206416 1 0 0.206416 1.6e-05 0.2 0.0064
0.206424 1 0 0.206424 1.6e-05 0.2 0.006408
0.206432 1 0 0.206432 1.6e-05 0.2 0.006416
0.20644 1 0 0.20644 1.6e-05 0.2 0.006424
0.206448 1 0 0.206448 1.6e-05 0.2 0.006432
0.206456 1 0 0.206456 1.6e-05 0.2 0.00644
0.206464 1 0 0.206464 1.6e-05 0.2 0.006448
0.206472 1 0 0.206472 1.6e-05 0.2 0.006456
0.20648 1 0 0.20648 1.6e-05 0.2 0.006464
0.206488 1 0 0.206488 1.6e-05 0.2 0.006472
0.206496 1 0 0.206496 1.6e-05 0.2 0.00648
0.206504 1 0 0.206504 1.6e-05 0.2 0.006488
0.206512 1 0 0.206512 1.6e-05 0.2 0.006496
0.20652 1 0 0.20652 1.6e-05 0.2 0.006504
0.206528 1 0 0.206528 1.6e-05 0.2 0.006512
0.206536 1 0 0.206536 1.6e-05 0.2 0.00652
0.206544 1 0 0.206544 1.6e-05 0.2 0.006528
0.206552 1 0 0.206552 1.6e-05 0.2 0.006536
0.20656 1 0 0.20656 1.6e-05 0.2 0.006544
0.206568 1 0 0.206568 1.6e-05 0.2 0.006552
0.206576 1 0 0.206576 1.6e-05 0.2 0.00656
0.206584 1 0 0.206584 1.6e-05 0.2 0.006568
0.206592 1 0 0.206592 1.6e-05 0.2 0.006576
0.2066 1 0 0.2066 1.6e-05 0.2 0.006584
0.206608 1 0 0.206608 1.6e-05 0.2 0.006592
0.206616 1 0 0.206616 1.6e-05 0.2 0.0066
0.206624 1 0 0.206624 1.6e-05 0.2 0.006608
0.206632 1 0 0.206632 1.6e-05 0.2 0.006616
0.20664 1 0 0.20664 1.6e-05 0.2 0.006624
0.206648 1 0 0.206648 1.6e-05 0.2 0.006632
0.206656 1 0 0.206656 1.6e-05 0.2 0.00664
0.206664 1 0 0.206664 1.6e-05 0.2 0.006648
0.206672 1 0 0.206672 1.6e-05 0.2 0.006656
0.20668 1 0 0.20668 1.6e-05 0.2 0.006664
0.206688 1 0 0.206688 1.6e-05 0.2 0.006672
0.206696 1 0 0.206696 1.6e-05 0.2 0.00668
0.206704 1 0 0.206704 1.6e-05 0.2 0.006688
0.206712 1 0 0.206712 1.6e-05 0.2 0.006696
0.20672 1 0 0.20672 1.6e-05 0.2 0.006704
0.206728 1 0 0.206728 1.6e-05 0.2 0.006712
0.206736 1 0 0.206736 1.6e-05 0.2 0.00672
0.206744 1 0 0.206744 1.6e-05 0.2 0.006728
0.206752 1 0 0.206752 1.6e-05 0.2 0.006736
0.20676 1 0 0.20676 1.6e-05 0.2 0.006744
0.206768 1 0 0.206768 1.6e-05 0.2 0.006752
0.206776 1 0 0.206776 1.6e-05 0.2 0.00676
0.206784 1 0 0.206784 1.6e-05 0.2 0.006768
0.206792 1 0 0.206792 1.6e-05 0.2 0.006776
0.2068 1 0 0.2068 1.6e-05 0.2 0.006784
0.206808 1 0 0.206808 1.6e-05 0.2 0.006792
0.206816 1 0 0.206816 1.6e-05 0.2 0.0068
0.206824 1 0 0.206824 1.6e-05 0.2 0.006808
0.206832 1 0 0.206832 1.6e-05 0.2 0.006816
0.20684 1 0 0.20684 1.6e-05 0.2 0.006824
0.206848 1 0 0.206848 1.6e-05 0.2 0.006832
0.206856 1 0 0.206856 1.6e-05 0.2 0.00684
0.206864 1 0 0.206864 1.6e-05 0.2 0.006848
0.206872 1 0 0.206872 1.6e-05 0.2 0.006856
0.20688 1 0 0.20688 1.6e-05 0.2 0.006864
0.206888 1 0 0.206888 1.6e-05 0.2 0.006872
0.206896 1 0 0.206896 1.6e-05 0.2 0.00688
0.206904 1 0 0.206904 1.6e-05 0.2 0.006888
0.206912 1 0 0.206912 1.6e-05 0.2 0.006896
0.20692 1 0 0.20692 1.6e-05 0.2 0.006904
0.206928 1 0 0.206928 1.6e-05 0.2 0.006912
0.206936 1 0 0.206936 1.6e-05 0.2 0.00692
0.206944 1 0 0.206944 1.6e-05 0.2 0.006928
0.206952 1 0 0.206952 1.6e-05 0.2 0.006936
0.20696 1 0 0.20696 1.6e-05 0.2 0.006944
0.206968 1 0 0.206968 1.6e-05 0.2 0.006952
0.206976 1 0 0.206976 1.6e-05 0.2 0.00696
0.206984 1 0 0.206984 1.6e-05 0.2 0.006968
0.206992 1 0 0.206992 1.6e-05 0.2 0.006976
0.207 1 0 0.207 1.6e-05 0.2 0.006984
0.207008 1 0 0.207008 1.6e-05 0.2 0.006992
0.207016 1 0 0.207016 1.6e-05 0.2 0.007
0.207024 1 0 0.207024 1.6e-05 0.2 0.007008
0.207032 1 0 0.207032 1.6e-05 0.2 0.007016
0.20704 1 0 0.20704 1.6e-05 0.2 0.007024
0.207048 1 0 0.207048 1.6e-05 0.2 0.007032
0.207056 1 0 0.207056 1.6e-05 0.2 0.00704
0.207064 1 0 0.207064 1.6e-05 0.2 0.007048
0.207072 1 0 0.207072 1.6e-05 0.2 0.007056
0.20708 1 0 0.20708 1.6e-05 0.2 0.007064
0.207088 1 0 0.207088 1.6e-05 0.2 0.007072
0.207096 1 0 0.207096 1.6e-05 0.2 0.00708
0.207104 1 0 0.207104 1.6e-05 0.2 0.007088
0.207112 1 0 0.207112 1.6e-05 0.2 0.007096
0.20712 1 0 0.20712 1.6e-05 0.2 0.007104
0.207128 1 0 0.207128 1.6e-05 0.2 0.007112
0.207136 1 0 0.207136 1.6e-05 0.2 0.00712
0.207144 1 0 0.207144 1.6e-05 0.2 0.007128
0.207152 1 0 0.207152 1.6e-05 0.2 0.007136
0.20716 1 0 0.20716 1.6e-05 0.2 0.007144
0.207168 1 0 0.207168 1.6e-05 0.2 0.007152
0.207176 1 0 0.207176 1.6e-05 0.2 0.00716
0.207184 1 0 0.207184 1.6e-05 0.2 0.007168
0.207192 1 0 0.207192 1.6e-05 0.2 0.007176
0.2072 1 0 0.2072 1.6e-05 0.2 0.007184
0.207208 1 0 0.207208 1.6e-05 0.2 0.007192
0.207216 1 0 0.207216 1.6e-05 0.2 0.0072
0.207224 1 0 0.207224 1.6e-05 0.2 0.007208
0.207232 1 0 0.207232 1.6e-05 0.2 0.007216
0.20724 1 0 0.20724 1.6e-05 0.2 0.007224
0.207248 1 0 0.207248 1.6e-05 0.2 0.007232
0.207256 1 0 0.207256 1.6e-05 0.2 0.00724
0.207264 1 0 0.207264 1.6e-05 0.2 0.007248
0.207272 1 0 0.207272 1.6e-05 0.2 0.007256
0.20728 1 0 0.20728 1.6e-05 0.2 0.007264
0.207288 1 0 0.207288 1.6e-05 0.2 0.007272
0.207296 1 0 0.207296 1.6e-05 0.2 0.00728
0.207304 1 0 0.207304 1.6e-05 0.2 0.007288
0.207312 1 0 0.207312 1.6e-05 0.2 0.007296
0.20732 1 0 0.20732 1.6e-05 0.2 0.007304
0.207328 1 0 0.207328 1.6e-05 0.2 0.007312
0.207336 1 0 0.207336 1.6e-05 0.2 0.00732
0.207344 1 0 0.207344 1.6e-05 0.2 0.007328
0.207352 1 0 0.207352 1.6e-05 0.2 0.007336
0.20736 1 0 0.20736 1.6e-05 0.2 0.007344
0.207368 1 0 0.207368 1.6e-05 0.2 0.007352
0.207376 1 0 0.207376 1.6e-05 0.2 0.00736
0.207384 1 0 0.207384 1.6e-05 0.2 0.007368
0.207392 1 0 0.207392 1.6e-05 0.2 0.007376
0.2074 1 0 0.2074 1.6e-05 0.2 0.007384
0.207408 1 0 0.207408 1.6e-05 0.2 0.007392
0.207416 1 0 0.207416 1.6e-05 0.2 0.0074
0.207424 1 0 0.207424 1.6e-05 0.2 0.007408
0.207432 1 0 0.207432 1.6e-05 0.2 0.007416
0.20744 1 0 0.20744 1.6e-05 0.2 0.007424
0.207448 1 0 0.207448 1.6e-05 0.2 0.007432
0.207456 1 0 0.207456 1.6e-05 0.2 0.00744
0.207464 1 0 0.207464 1.6e-05 0.2 0.007448
0.207472 1 0 0.207472 1.6e-05 0.2 0.007456
0.20748 1 0 0.20748 1.6e-05 0.2 0.007464
0.207488 1 0 0.207488 1.6e-05 0.2 0.007472
0.207496 1 0 0.207496 1.6e-05 0.2 0.00748
0.207504 1 0 0.207504 1.6e-05 0.2 0.007488
0.207512 1 0 0.207512 1.6e-05 0.2 0.007496
0.20752 1 0 0.20752 1.6e-05 0.2 0.007504
0.207528 1 0 0.207528 1.6e-05 0.2 0.007512
0.207536 1 0 0.207536 1.6e-05 0.2 0.00752
0.207544 1 0 0.207544 1.6e-05 0.2 0.007528
0.207552 1 0 0.207552 1.6e-05 0.2 0.007536
0.20756 1 0 0.20756 1.6e-05 0.2 0.007544
0.207568 1 0 0.207568 1.6e-05 0.2 0.007552
0.207576 1 0 0.207576 1.6e-05 0.2 0.00756
0.207584 1 0 0.207584 1.6e-05 0.2 0.007568
0.207592 1 0 0.207592 1.6e-05 0.2 0.007576
0.2076 1 0 0.2076 1.6e-05 0.2 0.007584
0.207608 1 0 0.207608 1.6e-05 0.2 0.007592
0.207616 1 0 0.207616 1.6e-05 0.2 0.0076
0.207624 1 0 0.207624 1.6e-05 0.2 0.007608
0.207632 1 0 0.207632 1.6e-05 0.2 0.007616
0.20764 1 0 0.20764 1.6e-05 0.2 0.007624
0.207648 1 0 0.207648 1.6e-05 0.2 0.007632
0.207656 1 0 0.207656 1.6e-05 0.2 0.00764
0.207664 1 0 0.207664 1.6e-05 0.2 0.007648
0.207672 1 0 0.207672 1.6e-05 0.2 0.007656
0.20768 1 0 0.20768 1.6e-05 0.2 0.007664
0.207688 1 0 0.207688 1.6e-05 0.2 0.007672
0.207696 1 0 0.207696 1.6e-05 0.2 0.00768
0.207704 1 0 0.207704 1.6e-05 0.2 0.007688
0.207712 1 0 0.207712 1.6e-05 0.2 0.007696
0.20772 1 0 0.20772 1.6e-05 0.2 0.007704
0.207728 1 0 0.207728 1.6e-05 0.2 0.007712
0.207736 1 0 0.207736 1.6e-05 0.2 0.00772
0.207744 1 0 0.207744 1.6e-05 0.2 0.007728
0.207752 1 0 0.207752 1.6e-05 0.2 0.007736
0.20776 1 0 0.20776 1.6e-05 0.2 0.007744
0.207768 1 0 0.207768 1.6e-05 0.2 0.007752
0.207776 1 0 0.207776 1.6e-05 0.2 0.00776
0.207784 1 0 0.207784 1.6e-05 0.2 0.007768
0.207792 1 0 0.207792 1.6e-05 0.2 0.007776
0.2078 1 0 0.2078 1.6e-05 0.2 0.007784
0.207808 1 0 0.207808 1.6e-05 0.2 0.007792
0.207816 1 0 0.207816 1.6e-05 0.2 0.0078
0.207824 1 0 0.207824 1.6e-05 0.2 0.007808
0.207832 1 0 0.207832 1.6e-05 0.2 0.007816
0.20784 1 0 0.20784 1.6e-05 0.2 0.007824
0.207848 1 0 0.207848 1.6e-05 0.2 0.007832
0.207856 1 0 0.207856 1.6e-05 0.2 0.00784
0.207864 1 0 0.207864 1.6e-05 0.2 0.007848
0.207872 1 0 0.207872 1.6e-05 0.2 0.007856
0.20788 1 0 0.20788 1.6e-05 0.2 0.007864
0.207888 1 0 0.207888 1.6e-05 0.2 0.007872
0.207896 1 0 0.207896 1.6e-05 0.2 0.00788
0.207904 1 0 0.207904 1.6e-05 0.2 0.007888
0.207912 1 0 0.207912 1.6e-05 0.2 0.007896
0.20792 1 0 0.20792 1.6e-05 0.2 0.007904
0.207928 1 0 0.207928 1.6e-05 0.2 0.007912
0.207936 1 0 0.207936 1.6e-05 0.2 0.00792
0.207944 1 0 0.207944 1.6e-05 0.2 0.007928
0.207952 1 0 0.207952 1.6e-05 0.2 0.007936
0.20796 1 0 0.20796 1.6e-05 0.2 0.007944
0.207968 1 0 0.207968 1.6e-05 0.2 0.007952
0.207976 1 0 0.207976 1.6e-05 0.2 0.00796
0.207984 1 0 0.207984 1.6e-05 0.2 0.007968
0.207992 1 0 0.207992 1.6e-05 0.2 0.007976
0.208 1 0 0.208 1.6e-05 0.2 0.007984
0.208008 1 0 0.208008 1.6e-05 0.2 0.007992